0.000000
131911.463935
4130.883451
40864.407858
0.000000
0.000000
122603.167282
118675.818655
0.000000
40644.783818
0.000000
2786.945163
0.000000
45481.911805
17.267189
5956.902808
92572.208439
467.342310
84209.879229
4977.131782
33839.706167
4.816667
0.000000
13830.005316
0.000000
0.000000
0.000000
17362.738949
6863.989279
1641.545483
6103.409265
220.487588
60840.960581
118767.472711
8067.461352
5222.224521
0.000000
0.000000
23753.087606
6.940785
341.000137
2260.517053
0.000000
1444.778241
2227.773268
13251.782912
0.000000
8368.741019
555.935027
5354.680236
0.000000
0.000000
4966.930960
10983.806635
177241.448623
1.000000
3672.502988
0.000000
1684.117217
4311.272081
88.585625
1425.976041
0.000000
28404.277403
96.077567
6802.947215
0.000000
24991.806820
45072.631950
0.000000
12872.602635
3968.602156
0.000000
743.488041
0.000000
62990.914671
0.000000
2.366759
48467.128345
0.000000
5954.417514
1683.560727
1665.076138
0.000000
0.000000
147807.828342
0.000000
0.000000
0.000000
0.000000
0.000000
0.000000
5034.549277
0.000000
1924.086835
16334.685684
0.000000
27804.276750
105442.241254
0.000000
0.000000
2035.763132
34367.598019
16135.686597
56951.298938
1718.684487
34125.136332
1412.068513
529.426483
30820.011284
485685.526763
15136.000000
46392.846703
258852.095361
10664.546214
0.000000
69.443014
30270.000000
0.000000
6461.461140
1182.544404
20647.199995
60010.292445
5480.973777
15553.901389
0.000000
50947.328672
0.000000
0.000000
0.000000
46441.448047
95641.524554
0.000000
29466.130841
0.000000
9173.730859
57228.701248
0.000000
18962.911596
29958.833895
26036.216522
14281.121027
2015.971571
1051.810582
48991.500341
556.522440
237.112827
11876.391674
1936.526898
98694.200816
0.000000
1961.726822
0.000000
0.000000
0.000000
15292.905667
0.000000
0.000000
10.778571
21228.711596
1351.418904
22199.277482
0.000000
0.000000
1984.094437
0.000000
88400.503780
482531.487070
2708.815971
12311.209427
0.000000
27387.162808
0.000000
0.000000
21735.395158
86906.434261
0.000000
63242.297354
5560.072098
24881.953955
0.000000
807.207936
0.000000
2061.702724
47231.508769
18255.004842
45823.811098
89640.576634
0.000000
0.000000
14359.647502
0.000000
34034.889683
0.000000
202.093775
0.000000
0.000000
104.276362
483.950933
17964.929441
0.000000
15136.000000
33.213681
828.133838
49284.331441
0.000000
2853.483355
0.000000
515.806033
102064.449839
0.000000
9135.305878
274362.164377
167020.761452
15136.000000
0.000000
46266.113218
7538.494033
16037.564918
7363.032660
0.000000
344291.898442
2669.081796
4953.278561
0.000000
30309.376400
43673.484008
101.662383
3394.545677
0.000000
30305.179966
113.191407
21160.308473
489.269506
15136.000000
3521.779278
0.000000
0.000000
2404.179639
30270.000000
10123.062019
1444.345869
0.000000
12975.915331
289299.575162
0.000000
5715.640276
0.000000
0.000000
1076.400984
12.570089
24539.057437
410.000754
25167.231735
7.288889
15685.161905
0.000000
19472.361728
4847.766746
43884.718127
7183.041100
0.000000
0.000000
0.000000
75.694016
0.000000
40720.501628
0.000000
16940.246020
0.000000
0.000000
56579.636935
4003.185096
3023.525745
0.000000
5237.053153
0.000000
29723.876917
196.729228
768.859067
314.756935
4.211336
37632.382160
53847.133070
15136.000000
70969.805883
1838.942390
50890.153437
0.000000
8646.807801
541563.422797
119292.079129
0.000000
0.000000
2509.360938
9584.169227
96121.138546
2359.945425
0.000000
95401.886747
4661.299262
947.803211
35857.376063
8541.316575
0.000000
15136.000000
31999.233197
2980.878660
35714.276076
15136.000000
0.000000
155.585491
5572.218843
143119.526067
14367.188499
19443.285870
360.853943
0.000000
8695.363926
40768.737987
219.822244
18028.038475
4.863212
76.605890
2460.253137
225.587299
26207.253581
0.000000
450.665498
5725.347395
0.000000
0.000000
0.000000
0.000000
0.000000
22602.041048
2150.362315
30158.759534
15136.000000
0.000000
33.025618
31450.812521
4763.213361
516.639410
57074.767667
0.000000
30329.895876
152.907889
15136.000000
1788.553202
15136.000000
0.000000
0.000000
0.000000
0.000000
15136.000000
0.000000
0.000000
119407.694774
0.000000
3188.309152
51526.589046
0.000000
1457.192129
7868.887946
0.000000
3899.025325
34738.726561
27624.867729
37876.353975
23727.099615
0.000000
56538.750464
81.722945
104288.589839
52114.249346
13042.965985
0.000000
119110.759717
16054.280413
231137.461493
194375.242381
630.686537
773.791656
0.000000
45051.725002
0.000000
1052.128550
0.000000
334.261672
8.668378
0.000000
6300.044433
26214.437161
95.551767
0.000000
697.023267
98.544620
11451.285598
26783.640879
17871.981463
0.000000
367.387849
0.000000
0.000000
1811.230382
91678.389607
24820.660742
319.161559
43175.558562
1466.949621
61.373774
1538.657571
516.053461
46921.670744
17671.734188
2247.737958
2.483781
118980.414768
0.000000
4170.280922
159446.245325
3385.674464
0.000000
1678.075812
0.000000
41794.931264
26869.103039
0.000000
51442.812328
0.000000
0.000000
33992.259037
131034.692705
200.867411
0.000000
15969.437026
1516.171489
28880.600772
285.406858
108417.305889
42.095911
517.749416
20027.929783
16614.410963
1062.202887
629.797207
6441.627633
273.264837
11463.381569
0.000000
8217.349367
18753.344345
11.917707
62459.488362
0.000000
0.000000
0.000000
0.000000
0.000000
15136.000000
1145.169744
33693.091018
4118.846713
89019.246120
3489.853319
0.000000
885.485734
4733.540509
26730.400478
0.000000
33229.469416
199.194966
33849.924706
37321.072105
715.379051
82.792624
15396.384681
717.125794
309.122586
1048.921873
0.000000
73668.662416
20769.989682
68076.244319
72.829269
4393.113368
30877.892119
50569.582035
0.000000
0.000000
0.000000
7431.858088
0.000000
3759.452916
0.000000
13350.200938
0.000000
22002.332048
69.774844
5027.428793
34104.889785
31008.828563
388.936600
2915.327195
12732.142273
6890.965587
0.000000
50175.503112
0.000000
0.000000
0.000000
1104.564100
22409.401722
36783.087798
17462.374006
0.000000
55730.091652
21529.033503
2244.979657
24476.100611
55529.347845
10649.026025
0.000000
1097508.622833
10953.196429
0.000000
1397.806080
0.000000
0.000000
0.000000
2209.658060
0.000000
0.000000
253.946477
1300.604153
0.000000
33190.211845
12944.568693
14675.929327
58565.368036
4983.138100
0.000000
596546.946345
0.000000
0.000000
4.716410
94.734864
0.000000
396.232993
177309.196708
0.000000
0.000000
26365.134545
0.000000
0.000000
0.000000
0.000000
3476.318675
7680.785107
15805.622387
0.000000
13716.577177
553.360379
0.000000
0.000000
79460.963047
481.453590
0.000000
1356.526921
24.182577
14800.303264
12897.081106
21697.745582
6.663964
770.657387
15415.499245
0.000000
0.000000
0.000000
0.000000
0.000000
4289.947234
2806.582595
3846.799493
238.247762
0.000000
0.000000
0.000000
0.000000
15136.000000
10108.152274
0.000000
0.000000
56314.091027
1239.115784
48.480319
0.000000
10077.108399
125290.985702
79348.295640
15764.901165
151488.554748
0.666667
0.000000
518.425196
543.218542
10407.704352
103.657778
9659.419315
0.000000
21959.203793
125588.268873
58103.157325
8.676812
30306.397674
0.000000
5373.725122
20785.694327
8271.865035
0.000000
0.000000
0.000000
464.916424
0.000000
5484.988599
0.000000
20460.806239
18723.543748
213.639428
188280.797131
166.849950
13393.680721
67357.943589
54249.030997
40872.609001
0.000000
31.676907
189.501093
3427.944538
9610.028982
33717.300578
949.260543
10480.699741
3798.289290
673209.137068
18485.174089
85082.993039
237.505235
3713.786909
15213.286548
31489.754038
16988.069402
0.000000
29265.242442
483.182629
0.000000
0.000000
0.000000
28008.013649
31631.393254
803.623494
30270.000000
0.000000
101.946441
0.000000
4204.909930
125413.765078
1871.163878
0.000000
252.999846
62855.914982
582.502182
7459.345340
125189.633000
5431.939379
0.000000
0.000000
0.000000
9294.977181
0.000000
134.730081
752.362747
42409.668604
2.666667
19241.946788
32093.328141
0.000000
26824.500360
1877.964038
0.000000
59412.168686
0.000000
0.000000
5243.190490
0.000000
0.000000
563.045047
0.000000
0.000000
75738.720346
0.000000
29060.315790
3817.548948
102415.239528
969.337154
40534.822245
32.120624
106004.856018
30702.933632
76745.055315
68064.332756
923.873766
12444.943513
0.000000
1372.109728
0.000000
0.000000
109518.801912
23022.654491
4061.360346
32509.092787
0.000000
6634.156207
0.000000
25677.415226
4396.283606
28.156821
2448.889835
8434.526734
0.000000
0.000000
15182.906113
50424.024623
0.000000
598.987559
67724.692136
711.477716
17848.979147
9920.955938
0.000000
2101.799717
20.085529
57139.097962
22385.565735
0.000000
2519.735529
21182.474219
39727.659637
0.000000
2476.035135
2392.918903
0.000000
0.000000
0.000000
15136.000000
0.000000
17870.755053
21431.021398
16555.869418
15866.796511
0.000000
0.000000
221384.585563
30270.000000
17104.183853
553867.422087
0.000000
0.000000
5815.642725
0.000000
15735.919463
19.116589
0.000000
3002.931095
3954.605299
1581.953148
5718.818917
12156.685444
1223.332841
5463.701022
0.000000
0.000000
0.000000
0.000000
18467.308647
395.605544
1799.796449
1128.469906
0.000000
0.000000
0.000000
43219.999542
6012.441809
34465.127672
15136.000000
0.000000
0.000000
22052.693566
8180.985602
0.000000
0.000000
835.243485
28285.679039
0.000000
898.390177
16962.764194
2.000000
0.000000
97.175369
9496.310788
0.000000
0.000000
25686.732433
0.000000
39965.961160
6929.294385
39931.976480
0.000000
350.509651
15136.000000
3978.883387
49.587791
0.000000
2623.641186
0.000000
0.000000
35454.500292
16687.629925
12171.156466
17292.280558
229.549699
108.007256
13870.671633
0.000000
0.000000
0.000000
23129.275417
5174.524731
15205.474146
5268.494955
0.000000
71244.474468
66484.097392
1725.833778
69023.852861
4500.581042
27590.929482
6941.421724
0.000000
0.000000
6405.393670
439.822102
0.000000
6478.288059
3370.628399
0.000000
0.000000
34646.461462
0.000000
183087.141999
0.000000
639.946679
8329.456373
16447.398055
51758.225521
28214.893573
14377.448834
30268.000000
0.000000
11875.875315
0.000000
0.000000
44914.375923
8.109507
472.342630
10964.652430
2164.091265
0.000000
58737.885283
30268.000000
49465.664500
5905.938771
17626.608701
4186.487158
520.598281
397.722856
39301.039732
12117.369992
47470.482489
0.000000
526287.164194
0.000000
0.000000
54105.086558
12836.137975
0.000000
283101.921538
300070.493850
16744.351714
78551.045125
15136.000000
3581.922187
25007.315192
54354.967144
15136.000000
0.000000
28425.827887
429.204312
0.000000
0.000000
3084.589482
0.000000
2126.484366
57.726967
0.000000
96653.837683
0.000000
8.034676
20490.429127
50784.468967
0.000000
21.597232
710.578109
110470.245376
18495.999387
19610.851945
0.000000
3838.392751
14050.971164
41586.314932
0.000000
21699.304087
196766.615816
22.688248
82852.179694
31054.806752
12422.733637
37430.592602
0.000000
0.000000
3325.289442
5227.705273
0.000000
745.335035
6366.602058
0.000000
0.000000
0.000000
0.000000
37316.352736
146693.410588
0.000000
3532.045971
30270.000000
21082.987071
0.000000
0.000000
186676.414623
26156.824910
23917.228886
10012.336417
0.000000
0.000000
0.000000
15136.000000
33.913282
0.000000
12584.623832
0.000000
12847.807807
0.000000
24326.634220
18608.608975
3375.576790
0.000000
19979.862150
0.000000
30268.000000
0.000000
24300.592074
338.110700
62794.824894
15345.623573
26940.085364
440662.814407
1416.605603
0.000000
88796.534213
89910.046926
737.681964
0.000000
0.000000
0.000000
9.248083
0.000000
529.027799
54429.593038
361026.846961
10646.323089
15136.000000
109576.756903
17.519604
0.000000
224.121422
315728.095517
3140.450204
710.290611
47096.862179
85914.586239
8819.024491
184546.822786
4801.342630
0.000000
5270.396163
15878.133500
87784.563618
79219.552916
7.936847
8176.232641
18696.115338
0.000000
0.000000
64.029126
0.000000
55729.233588
202.394223
118.517983
8848.796959
2636.970710
0.000000
46249.091906
1746.804670
0.000000
0.000000
8522.619390
0.000000
0.000000
0.000000
39481.303923
514.086836
32155.695964
0.000000
3255.619617
0.000000
0.000000
6.345538
2427.544299
0.000000
30533.718492
22364.880489
16420.267267
0.000000
431.927700
4878.975542
94170.885442
572.857598
145255.549975
3701.363878
15136.000000
16301.681777
0.000000
861.054890
15136.000000
691.898729
45672.596726
21856.312765
27780.611389
90751.861201
0.000000
0.000000
0.000000
0.000000
0.000000
9198.157560
1925.835449
0.000000
38276.340373
0.000000
0.000000
321.720781
0.000000
0.000000
19645.086236
1046.768734
0.000000
0.000000
5985.016921
31211.313832
46671.301374
564.082232
0.000000
6045.251029
252.144595
15136.000000
5983.424527
0.000000
0.000000
32200.046674
1013.565328
0.000000
0.000000
15173.886782
11428.598608
0.000000
4787.255060
7305.068739
88611.739731
2409.946656
391.239617
395.014785
79.417044
0.000000
132.504341
907.037023
399.009059
0.000000
9356.860602
6533.848114
11508.885108
388.448204
32437.942732
0.000000
15136.000000
0.000000
2205.212795
23376.231690
307.842714
25560.253212
21906.234969
36717.508824
421.164133
110088.374228
7539.875145
0.000000
50.849453
32271.155630
192047.926307
0.000000
0.000000
16890.820224
44310.005953
50.736776
0.000000
0.000000
0.000000
69461.054951
2876.336705
78.791126
9387.297848
209447.488790
0.000000
0.000000
562.724658
8.998278
19293.968671
0.000000
8502.806261
44369.836937
15657.621425
0.000000
1814.412914
0.000000
0.000000
37219.508953
4333.458666
21439.803020
2.903813
39220.237203
0.000000
0.911746
15136.000000
0.000000
0.000000
43172.161103
40.944835
1984.347061
0.000000
42189.495115
534.573680
212180.133258
0.000000
0.000000
11612.193175
0.000000
6440.040477
81.734152
5300.735018
0.000000
3171.452970
676.089250
0.000000
15136.000000
18355.905529
0.000000
0.000000
0.000000
0.000000
0.000000
530.419207
75.126642
3917.908070
2258.819256
4928.689209
0.000000
1564.399732
0.000000
44491.837718
3023.703818
60.741906
1718.115178
58.437049
8697.040931
9313.008222
45.299791
0.000000
18773.756416
0.000000
0.000000
116486.776755
7911.422821
113441.476822
202420.533500
8171.886704
23886.584888
34079.414753
17902.897695
0.000000
4427.455598
40071.772554
229919.218847
2560.245967
6931.747187
51124.922120
2591.725920
0.000000
10551.877107
479.390189
16913.557800
17446.548959
248.345769
0.000000
0.000000
6192.602457
4566.428542
0.000000
2695.467334
0.000000
2.197274
8383.197813
665419.315767
22344.536686
0.000000
70319.338693
8817.014865
11993.557090
0.000000
0.000000
117911.638925
0.000000
1547.234186
5778.117108
68460.549988
28814.077669
34504.426361
121651.653788
0.000000
15136.000000
60.735832
0.000000
5144.485193
344936.187101
12683.253487
0.000000
1270.413390
151628.558364
0.000000
962.783962
161.617297
0.000000
172246.588176
129477.274258
17209.776190
0.000000
63282.340810
2804.059532
0.000000
6311.930137
15324.694997
42.641507
54.289659
347.361753
80438.517830
6648.691494
0.000000
0.000000
461.562088
1091.843513
0.000000
0.000000
328031.550402
2861.581107
0.000000
7950.178706
2946.676504
61737.700725
25548.929238
0.000000
0.000000
0.000000
36680.462195
0.000000
482369.367396
0.000000
15145.049498
2.833333
271432.120378
670.510448
0.000000
1941.278802
1436.092011
2029.268211
0.000000
0.000000
0.000000
43852.660129
2665.856424
2850.222880
87541.207363
27717.123308
0.000000
0.000000
2021.809050
0.000000
310228.875405
40.181099
0.000000
1.081548
3721.223436
25112.544057
8.587418
17779.640850
0.000000
0.000000
219.225203
25639.074513
32873.332257
5479.723832
523916.232558
131935.998418
197803.511025
2006.811864
8186.670587
2136.835937
11919.384070
62557.695523
0.000000
3095.059209
0.000000
743.914223
0.000000
19.008792
17820.542564
0.000000
0.000000
0.000000
0.000000
2203.811337
0.000000
0.000000
1.006038
0.000000
71469.917253
13174.752762
15136.000000
0.000000
1392196.198780
6047.809694
0.000000
134.434718
942.534483
221366.317981
922.369006
4500.238002
267415.205123
1842.399508
28911.227960
0.000000
11367.989858
1514.115721
503.781546
54239.545946
0.000000
8551.101727
187.404631
0.000000
19752.971048
499.336815
0.000000
10440.372700
15.002886
56171.571075
4445.790386
0.000000
16384.486792
235.615431
35375.687930
4197.830841
1659.956258
19017.966484
57418.846133
0.000000
0.000000
3847.369580
9588.178511
0.000000
15136.000000
136.710040
15136.000000
0.000000
5.382564
30.080806
0.000000
19676.548525
1712.333423
33363.362618
77327.251525
2.074136
0.000000
15136.000000
956.617114
0.000000
3326.864837
0.000000
20313.800004
0.000000
9865.209172
0.000000
0.000000
10071.323313
0.000000
5723.567137
7646.515504
0.000000
42767.519906
15125.939160
934.273231
22723.025643
9.286508
603.123114
14236.150790
7315.717145
11832.018221
206.758462
2.683644
21530.924724
137.898252
20025.555177
0.000000
14743.287960
0.000000
0.000000
304817.420136
0.000000
386735.191752
1.200000
10.013686
16598.782743
3192.454565
2396.092967
4504.053220
28558.034022
0.000000
0.000000
11485.307683
0.000000
13.361117
0.000000
0.000000
1683.012703
0.000000
13946.578276
0.000000
0.000000
30268.000000
194.642348
46505.987224
0.000000
196223.095390
0.000000
0.000000
86.175371
924.275089
0.000000
2468.259060
31446.589121
18278.141626
79475.927836
41809.918653
18414.294127
1309.013501
19020.782684
192.967834
16509.745584
31942.834570
0.000000
229441.885038
15136.000000
17273.799983
236515.346960
2068.662749
149.693419
988.216249
0.000000
0.000000
0.000000
17589.998090
0.000000
0.000000
55587.800556
283.073191
4097.082553
9241.539163
0.000000
12099.614415
408.475349
20.961887
38145.181363
36650.982753
30270.000000
8046.490035
44954.411354
299.223732
23256.731304
21812.202761
4676.774808
17117.101047
14.115152
1442.411456
45503.943235
0.000000
0.000000
19.160323
31567.365463
69787.398281
2002.514047
52062.329271
59882.967421
12580.088937
15136.000000
0.000000
38975.574621
0.000000
92745.822226
28644.005441
60767.528995
5453.247743
2515.752271
5016.459684
90879.523632
2284.541066
0.000000
1445.418772
81839.156089
0.000000
4256.638170
0.000000
18095.180174
575.771289
56.270832
32609.809696
2911.823735
0.000000
0.000000
12408.667417
2512.215413
14569.710860
19002.693656
0.000000
0.000000
2742.498568
0.000000
59.466742
236.541562
20547.755327
47774.627596
0.000000
0.000000
0.000000
15136.000000
34.461568
0.000000
19718.782122
0.000000
447.296924
27004.722917
0.000000
0.000000
14883.657167
12292.574549
27338.299997
3.333333
120.478820
0.000000
11.917707
0.000000
17055.342617
63.937855
18442.242123
15136.000000
144402.335974
86168.146033
1032.024998
3728.574900
81107.180322
29690.247996
30885.368215
0.000000
641085.397360
0.000000
0.000000
68428.772120
23285.753800
0.000000
31389.382038
15324.567732
20058.662698
67389.383091
11730.630006
7004.943246
1099.266765
0.000000
5399.315411
6154.166987
1413.223057
1685.767952
18852.696943
15267.538450
181.413879
53706.280028
0.000000
18390.848867
63952.756143
48887.161426
1372.435054
103151.091798
16144.135261
10173.220637
2314.642940
434.394575
28908.682048
10213.289228
7.406558
117.444013
530.687150
0.000000
0.000000
20746.445617
49424.658002
0.000000
0.000000
1519.303962
9.603410
22999.060177
25.794629
180884.433347
1693.936228
716.896240
280.512295
0.000000
4971.020567
59866.924648
454.908289
515.799253
167072.321462
15140.000000
0.000000
517414.026667
30248.343586
0.000000
72055.047934
1558.828766
0.000000
0.000000
97488.124534
19885.178215
22164.392403
0.000000
1.166667
844639.978332
0.000000
129005.948727
1652.189756
75761.288816
16172.753542
241.863583
0.000000
0.000000
795229.056205
10130.337104
0.000000
839.863644
0.000000
0.000000
19102.890257
5430.690335
338588.797614
0.000000
0.000000
0.000000
22391.510590
3087.417405
15136.000000
8212.489827
2903.523509
475.721590
51.213354
2909.362923
3979.350956
20.797205
111.367350
210382.878607
0.000000
3081.595819
220902.518313
38027.763235
0.000000
3178.946245
2317.637684
2049.054901
0.000000
303.690229
0.000000
0.000000
92055.001090
0.000000
0.000000
91420.859270
840.701742
7843.329987
14525.132529
47987.593259
37955.491362
15136.000000
174778.683380
3.711707
12708.498173
1556.189158
0.000000
76697.242928
0.000000
185.126154
152704.743092
0.000000
0.000000
0.000000
9112.042632
0.000000
46.373249
0.000000
0.000000
43271.200106
26258.019008
25960.964126
63.672807
0.000000
1873.972156
48088.242780
204.804389
2017.527000
2933.166900
1305.499233
38.067853
0.000000
15136.000000
0.000000
89969.652352
0.000000
64666.461687
623.820563
0.000000
74198.606222
0.000000
860.491284
2494.251238
61941.616139
542.799854
64547.651158
0.000000
468.497215
0.000000
0.000000
822107.955212
42632.791918
36161.498151
1549147.509893
43993.170996
0.000000
33603.333135
574693.464338
1229.211407
16622.019104
0.000000
0.000000
29439.753857
0.000000
6466.211257
0.000000
154994.868795
113.910555
0.000000
0.000000
395292.920713
0.000000
15260.901232
0.000000
0.000000
45398.380337
16876.666025
0.000000
3207.682256
15644.795752
0.000000
0.000000
20367.193024
15136.000000
0.000000
0.000000
122.392870
284.898492
98890.545423
52790.853771
0.000000
1665.480337
108337.144308
56481.165489
0.000000
21824.252813
44846.798108
2617.857165
0.000000
0.000000
14964.852458
169.876738
241.127757
853.240656
23097.371261
0.000000
87839.084437
508974.645106
268727.291611
3964.188957
463.618334
18345.051812
21657.840846
295.574693
71450.430920
90756.000000
1515.815564
84747.113013
114.660289
15272.573327
995.519999
173.196403
0.000000
0.000000
441.948759
9598.260149
11.047751
0.000000
302.494723
4545.493458
11013.616332
46491.715726
0.000000
365081.432767
2622.628147
22908.694300
42177.677596
142034.284755
84.262562
226.598520
80273.488064
9.848317
2457.751744
30270.000000
0.000000
57033.094175
0.000000
0.000000
8829.179276
103630.819320
1130.478986
21050.528375
298.047951
0.000000
1865.307183
806194.255532
24545.527327
23910.149301
6286.012699
15136.000000
98899.628447
32606.741492
17021.904509
126730.838420
10299.545568
222.171099
0.000000
867.146037
901.329732
17058.932421
0.000000
0.000000
0.000000
194.448131
0.000000
25753.689277
38679.049639
1813.109386
21570.603885
48665.547610
18209.376733
0.000000
254.968076
1212.549809
0.000000
0.000000
0.000000
61604.224965
0.000000
0.000000
134186.750073
177766.457545
1190.920904
12585.069771
6102.983562
640081.059722
15675.398027
0.000000
1565.932031
223881.373732
59366.485214
1915.894343
24369.358231
206503.019954
41162.089907
181872.954188
683.936407
0.000000
15136.000000
0.000000
36185.502230
442.000070
3772.112655
0.000000
197449.049275
0.000000
51818.006603
0.000000
5686.161535
774.116139
0.000000
180820.087738
15926.416335
0.000000
4045.408524
1.271567
30420.447945
0.000000
1.066667
4081.440251
15136.000000
74539.416982
767.470787
677.497691
0.000000
0.000000
0.000000
8401.704001
1924.507935
0.000000
11741.502163
0.000000
0.000000
2350.650675
142325.590634
104.665323
15.282957
36567.945131
0.000000
15136.419913
192.904239
1194.480515
22695.000000
45016.326002
0.000000
0.000000
671.106211
1137.295247
0.000000
59841.098117
0.000000
0.000000
38647.091180
11904.334325
4728.142840
310.479266
27422.701976
0.000000
0.000000
20491.455926
0.000000
4465.873579
113311.734930
72755.745952
258.763695
28251.762676
3571.700228
62373.812157
277268.422573
31908.323120
573.589728
118025.938908
66203.021172
0.000000
1224.293848
0.000000
71931.087244
106765.198300
14729.897432
35658.123475
0.000000
0.000000
16408.323537
0.000000
11601.257666
7890.644844
0.000000
39291.137706
293.040434
0.000000
3610.462056
56.087062
19633.921172
7445.933907
0.000000
44452.668083
0.000000
15136.000000
61161.518025
5471.440015
22649.000000
0.000000
0.000000
15136.000000
115177.778687
319.322039
148631.649648
1700.492622
16082.793189
0.000000
2124.359216
458.531253
0.000000
1583.683473
11106.305056
16477.132458
16750.358445
0.000000
394.391998
0.000000
24168.198845
42661.060101
214.951219
1641.968795
0.000000
21997.434625
144.102442
0.000000
2380.758378
5469.195796
0.000000
184662.767119
0.000000
11175.053782
3403.337464
728.224189
434.937353
15136.000000
1802.298573
141034.362297
0.000000
124.199759
58550.949406
38555.321906
208070.753634
208.376436
0.000000
1312.447591
0.000000
265.388160
319.433479
0.000000
5964.034659
1631.640846
0.000000
2528.296560
3218.557357
107.918118
7830.872018
0.000000
1162.590235
0.000000
0.000000
0.000000
0.000000
55254.925032
997.251869
0.000000
1095.736311
0.000000
201757.762983
1216.372126
18472.961423
15136.000000
14800.469206
6391.794050
133806.403279
3028.417404
20.917295
0.000000
89273.253032
0.000000
3315.080551
0.000000
0.000000
154.131192
1122.865216
0.000000
277274.929567
13778.692464
102458.167364
71297.527634
632.998011
143310.158337
25071.010568
0.000000
0.000000
39617.792994
11342.629302
63357.120879
0.000000
0.000000
7742.105595
2603.111176
493.630677
36817.803683
85217.524462
35653.138266
119781.834425
0.000000
22753.197780
45906.788465
313.947111
0.000000
0.000000
0.000000
259.652066
0.000000
166580.109415
10841.115847
0.000000
0.000000
969.713975
0.000000
815.295766
21050.717464
9734.287822
0.000000
63061.399800
0.000000
5740.935355
37036.929174
3672.797659
622.379811
122622.607123
3587.616639
15136.000000
3658.199366
90710.192447
15918.571772
15383.416465
34783.058940
75967.944292
46875.834222
37129.355488
12259.603186
0.000000
17901.978205
15258.577374
54372.098419
0.000000
719.714393
54694.845605
11677.895285
41960.710158
54368.094868
6519.318871
0.000000
0.000000
0.000000
829.573031
41786.113640
0.000000
0.000000
22577.905618
33385.567132
0.000000
0.000000
0.000000
4716.357626
1226.977704
0.000000
1091.386659
0.000000
0.000000
0.000000
0.000000
541388.428885
0.000000
0.000000
5374.492136
74283.498403
18925.046910
21366.758208
33760.759521
15415.988914
31933.596623
31063.925333
24203.207957
11407.811183
2071.319068
0.000000
18880.967680
0.000000
0.000000
6941.846602
313.630966
255.417339
0.000000
80845.656267
42.570018
15136.000000
27971.490210
15136.000000
3356.692393
212.472047
0.000000
45856.861790
196129.515284
4819.902578
5946.275979
266.018380
0.000000
235781.209366
1263.797010
44001.306161
0.000000
3164.124326
0.000000
9029.351874
1644.681203
0.000000
1053.452353
5103.333387
16434.038958
34.606153
0.000000
359.760012
40910.179635
0.000000
0.000000
0.000000
0.000000
14530.588946
1192.563233
0.000000
3707.831323
297848.610878
9258.387419
0.000000
0.000000
0.000000
0.000000
13953.308938
0.000000
310.795499
55373.490455
77599.793731
16563.621874
0.000000
0.000000
1282.363219
88755.039814
1048.766789
2088.980525
88.765430
1117.987341
63.365932
0.000000
0.000000
0.000000
1222.678455
0.000000
2424.696709
9993.015941
9201.893152
14398.068844
1962.869268
0.000000
13963.699661
160.027847
17028.791650
0.000000
0.000000
39315.714475
21689.109177
9657.123175
42651.435906
0.000000
0.000000
31922.903746
0.000000
18094.890497
228.238114
0.000000
448520.754538
0.000000
0.000000
15186.698656
12698.641386
0.000000
0.000000
4514.759648
9542.067705
0.000000
52966.315485
2.000000
14869.793732
1426.640560
1766.536744
0.000000
0.000000
4648.729502
0.000000
13873.487445
702.990268
530.502120
1025.008924
0.000000
174052.074974
0.000000
0.000000
0.000000
0.000000
72094.513360
0.000000
32427.071987
64726.460562
25994.655290
9.391847
33546.349157
1360.927905
0.000000
0.000000
54983.584769
7074.220635
0.000000
0.000000
3339.024757
40817.373733
13216.358510
0.000000
29764.322756
7304.816082
125885.229136
43552.307144
0.000000
33231.271448
158988.343080
116063.821912
0.000000
0.000000
0.000000
0.000000
3130.136311
0.000000
781.643864
87814.572260
0.000000
11909.789344
15136.000000
54.990932
67.710194
1318.596101
1293.784395
0.000000
19176.100318
0.000000
0.000000
3650.930197
22156.971038
38443.682693
119511.219683
3184.295858
459.757957
2204.970172
9262.841223
16034.641740
46474.327175
1555.482487
366494.981723
0.000000
80202.746325
342.879096
0.000000
1540.007366
78402.620029
178.932001
33165.233336
0.000000
0.000000
4608.373793
2238.135519
2417.650834
89.980769
0.000000
0.000000
25359.546130
5572.319419
26.923435
196.842601
1215.248275
45221.772376
0.000000
0.000000
2318.564156
15136.000000
30268.000000
3101.834416
19318.010325
24683.444131
0.000000
0.000000
7663.259233
109790.952183
0.000000
4030.366819
0.000000
0.000000
0.000000
0.000000
912.723930
0.000000
2961.799742
0.000000
3663.524520
62900.234213
0.000000
363361.019152
49.071597
2835.371553
404762.015577
17398.309370
27217.401864
12142.621640
368.754401
15136.000000
52.733162
15136.000000
293.986619
557.503480
9.861845
8549.187449
20.280344
0.000000
22.597072
125277.648134
0.000000
0.000000
0.000000
17656.049126
0.000000
12171.466127
0.000000
0.000000
30190.932469
99403.895512
16982.049229
0.000000
39688.297221
17844.414979
0.000000
119432.536312
7148.121677
0.000000
555.065046
15136.000000
2310.248468
1751681.489209
19081.206373
30307.115352
3469.666049
5772.578147
49655.578933
3173.753969
3446.648103
1020.400449
152.071002
394.034006
5416.831038
1120.559094
26794.605803
11333.889147
0.000000
22.978340
0.000000
1004.619790
11393.894492
3745.698792
2870.348091
49052.327608
0.000000
37.892523
74026.866753
15136.000000
5748.460591
74.197920
0.000000
8360.467059
25091.629272
0.000000
30270.000000
1157.389722
0.000000
8658.207689
0.000000
27021.325879
305.634496
4.128065
15652.828592
11378.657151
0.000000
0.000000
0.000000
630.676299
53888.861712
0.000000
156.697489
73525.737567
1519.358932
855.517842
0.000000
6506.104225
0.000000
114660.277875
0.000000
0.000000
31776.599912
932.069761
31859.303174
16424.357863
0.000000
9.009739
0.000000
9990.678959
15233.335604
119.810012
3612.699384
19900.239008
0.000000
0.000000
38276.390564
0.000000
0.000000
16597.981301
367.760287
29228.289717
61085.219242
0.000000
83112.484248
0.000000
7981.742554
15136.000000
0.000000
1074.195669
6035.013601
0.000000
26638.565768
1737318.409476
0.000000
0.000000
16677.885635
16.659925
9051.822810
133.343261
8798.260943
765.521896
35595.572948
15136.000000
0.000000
0.000000
728.850280
10639.995133
217822.295947
18978.252049
134950.860176
15267.718468
40.897326
0.000000
15136.000000
447.680668
189.409960
240627.822200
0.000000
70115.414532
0.000000
457.720837
10622.013478
1677.045890
33587.527040
0.000000
0.000000
1809.129982
0.000000
0.000000
207547.371811
5.666190
64744.808298
749.037564
7483.651230
0.000000
22746.861804
51772.008126
77080.144617
18801.821173
27395.735095
4581.558923
54.202920
2403.598738
0.000000
0.000000
1.250980
44.224089
0.000000
0.000000
0.000000
7492.171430
5245.835959
770.320162
0.000000
0.000000
3387.693276
0.000000
0.000000
6485.499092
78.233065
47.873477
2991.179290
33908.925562
0.000000
26198.143573
30765.595443
2154.258187
0.000000
6288.301799
0.000000
0.000000
0.000000
5379.898116
0.000000
0.000000
0.000000
14.073114
333.010254
0.000000
1586.707195
0.000000
588.907527
171.520839
134291.888399
15142.800000
24718.689878
184975.478249
23948.107575
0.000000
0.000000
5732.640820
9529.568898
984.229031
0.000000
0.000000
11109.355010
0.000000
147605.337162
1306.791511
879712.012759
33312.523558
227.537019
32402.573397
108746.823744
0.000000
272141.223215
0.000000
0.000000
0.000000
0.000000
0.000000
26170.054518
0.000000
19.106853
0.000000
33177.005307
1137.001324
17774.300620
0.000000
550.754105
0.000000
1221.071436
202117.978444
3563.666602
6.016374
440.966753
40363.584966
0.000000
0.000000
12011.234012
11490.543172
0.000000
0.000000
13229.294744
94849.176911
0.000000
60969.486595
135231.724437
29629.136086
5608.825923
0.000000
5143.720859
39785.771108
45963.766203
135.726041
1178.021248
7169.969327
30600.034597
2334.454239
36885.538238
15492.670686
22905.420505
0.000000
20110.989300
0.000000
34698.059550
0.000000
3448.341797
0.000000
0.000000
16.655234
1107.041461
0.000000
0.000000
393.940070
3047.713853
2437.164496
69815.595276
17327.914548
6243.163149
0.000000
0.000000
0.000000
24179.131384
33637.749875
7100.813932
0.000000
6658.022497
3229.780890
15727.326305
25272.270978
0.500000
45075.590588
2497.094778
346.165182
0.000000
222.102290
0.000000
0.000000
153.156677
321569.591471
5278.719378
43776.151086
0.000000
4169.425468
5604.785966
950.213423
166780.721179
0.000000
18163.136710
7545.102924
66367.487482
1887.198997
301.645603
4636.217279
30268.000000
16957.441915
0.000000
151116.115465
0.000000
31276.680982
3993.406121
18071.708440
22695.000000
0.000000
15887.885067
0.000000
0.000000
205.832318
37779.000000
200.715081
0.000000
493.413478
26140.812399
24581.287307
7892.951449
15246.367551
39617.872041
8.501284
0.000000
44189.864671
15136.000000
25884.771848
2668.789631
0.000000
10442.232607
51592.446317
0.000000
5994.521088
207.167506
47416.781844
122.016407
16763.709475
121.467311
0.000000
0.000000
4455304.448756
2399.700150
0.000000
0.000000
448.896875
0.000000
0.000000
0.000000
5225.005108
9832.922002
73768.972695
82.273172
0.000000
34218.172589
71599.149540
0.000000
18983.037630
16602.629125
11805.613718
0.000000
15646.881006
0.000000
15222.741735
0.000000
21673.204147
5196.580822
39579.468582
10624.571224
15814.670999
0.000000
0.000000
1359.942904
0.000000
15776.779657
0.000000
155291.136779
987.856386
8665.214519
543106.130916
19168.307773
0.000000
42.908336
79632.795295
139708.639622
0.000000
9220.550694
15420.349394
30268.000000
47619.941137
0.000000
191.115991
340.938507
11732.818521
0.000000
85363.958756
0.000000
18908.369433
245.578236
59370.373800
22489.960300
18733.851461
20792.116580
8574.001241
3454.543036
23536.330091
7796.092336
1599.540795
2536.381082
0.000000
0.000000
176.166281
0.000000
18234.760593
0.000000
31693.393883
0.000000
29024.954240
1191.618092
137.862481
5139.702104
0.000000
0.000000
1404.988846
0.000000
16651.195848
47469.879839
4381.662061
2641.027080
12505.652620
66786.223720
12225.908052
0.000000
16.107249
328.037709
28.767073
0.000000
0.000000
16282.208629
5043.614308
22.026427
15136.000000
8447.169154
8.600452
15136.000000
15213.022725
2770.142322
4982.263668
300152.003342
6340.405917
0.000000
2452.364753
16938.348082
60087.564729
34578.079512
120.426909
0.000000
9239.749090
7567.000000
11749.026376
21993.450709
40957.627771
0.000000
19112.674383
15744.016720
2979.455511
7061.056559
76632.396478
0.000000
2711.129328
15136.000000
0.000000
2637.752303
164.834301
2710.547905
236857.990195
15136.926740
0.000000
4104.736521
6180.983071
29741.068231
167602.465524
121213.724768
13853.598895
0.000000
42458.295550
0.000000
2965.214418
5592.186381
1454.718075
0.000000
0.000000
23550.082411
45272.137807
0.000000
0.000000
18265.504448
0.000000
0.000000
2682.193546
18546.498232
13272.063209
0.000000
12011.053404
0.000000
512.359935
0.000000
36346.124923
2264.568366
67923.333609
86985.512264
10759.139852
0.000000
293.700868
0.000000
0.000000
639.311081
1152.728354
0.000000
2067.167614
0.000000
0.000000
15136.000000
0.000000
0.000000
394510.073764
507600.053320
4.625446
0.000000
76717.576440
18598.304703
17035.468197
3589.969740
0.000000
41369.547874
15136.000000
189.645097
0.000000
240.984158
2727.330668
0.000000
0.000000
359.696084
194824.943659
0.000000
0.000000
308.360501
35645.218532
123.418273
16745.414763
0.000000
25352.804338
0.000000
3206.725118
0.000000
0.000000
22.236243
45402.000000
24167.983995
0.000000
337334.424092
7437.403655
9523.450764
0.000000
124158.568998
0.000000
5513.736946
303183.994906
142682.133054
11893.056195
12364.954865
80946.754067
30727.778200
14537.195896
18892.707003
15136.000000
0.000000
1496.983094
15136.000000
47.591122
42994.461379
1624.800658
15609.442142
33245.586628
42628.874474
15136.000000
15136.000000
829.329833
217.172679
0.000000
1914752.047648
0.000000
7861.295970
0.000000
168646.778439
21130.319367
0.000000
10513.316912
0.000000
15101.724748
0.000000
0.000000
0.000000
0.000000
25406.046108
1229.923340
15627.794708
19067.565026
3876.316117
0.000000
74.920362
0.000000
15744.302242
0.000000
104909.387466
5239.396411
2.170370
600706.377176
1515.561767
0.000000
22323.875840
126.984843
586.511974
74272.225931
135977.649328
8137.542469
2235.838281
0.000000
29239.302498
0.000000
15136.000000
0.000000
5150.188993
0.000000
9993.084393
0.000000
543.920189
0.000000
15136.000000
10.036370
4272.649566
1811.602426
3083.280132
16652.213166
13826.993942
165100.240134
7445.978984
24723.799908
25.864804
41297.559503
30884.369505
15136.000000
25745.222795
0.000000
0.000000
0.000000
16212.451400
1230.429530
7341.129073
12353.467042
15906.659578
0.000000
15136.000000
384.726312
0.000000
24.901751
0.000000
0.000000
1018175.311612
5463.009919
2736.070537
106713.701626
5421.303690
15574.682145
0.000000
16474.410276
9396.324043
0.000000
0.000000
4192.391152
0.000000
347.335585
13322.724865
2.401929
38020.064587
133006.023594
8488.751571
295.110534
0.000000
11974.798005
0.000000
2550.754753
90.257559
0.000000
711.557754
20391.075296
0.000000
551435.692622
16937.766195
48914.873913
843.170458
540.491145
5820.290644
717.320734
2665.041285
377.927225
0.000000
0.000000
20287.569238
8563.250583
13573.896948
8649.716134
30886.539736
0.000000
50284.220029
567.103531
0.000000
962.827794
20180.193065
0.000000
0.000000
18511.927943
0.000000
1304.462569
10463.810655
1103.627708
10115.817737
756681.395931
217.868823
0.000000
0.000000
3628.618895
4584.150759
19.889528
21819.885554
0.000000
62148.137908
4.733333
211357.558201
0.000000
904.991760
0.000000
0.000000
1256.514043
0.000000
113594.902438
21931.617166
10306.490498
0.000000
4327.622746
54854.675365
30518.798223
2940.290253
5261.607483
15441.767454
376.565827
2167.033049
56.446336
125.043593
27845.708242
33649.044877
0.000000
0.000000
0.000000
555.582338
0.000000
168755.640916
0.000000
15113.463111
5201.920586
1940.354990
193.424077
4296.453306
2993.648069
0.000000
150.492683
3375.738863
15034.241220
2831.344950
0.000000
11315.468132
0.000000
4865.096931
4219.950960
0.000000
9917.295072
0.000000
15818.141782
1820.536009
58.191294
3394.628971
0.000000
73494.919300
5830.610493
0.000000
554.295940
5793.459427
0.000000
4225.870688
344.415816
29727.017675
26408.182943
22906.483435
6410.624340
212334.470436
5965.202137
0.000000
15136.000000
3.503053
213726.647835
67.425047
51189.239610
319542.975132
0.000000
12294.900108
0.000000
0.000000
375088.542899
11069.789417
0.000000
1674.460459
31599.796086
35234.605255
8486.699203
0.000000
38.355508
9892.518046
1210.332410
330160.934278
52807.925141
0.000000
5177.897628
2622.612707
70934.843575
17.095677
6206.333296
42113.925785
62423.770965
0.000000
15749.316656
0.000000
0.000000
1104.936211
15421.406858
4196.579769
1.379121
13595.615262
268915.929837
3913.692018
0.000000
0.000000
3799.046666
1730.387323
0.000000
1726.753241
16696.222092
0.000000
15466.621540
19.106853
0.000000
33991.560581
31704.699988
3623.185254
0.000000
8929.453237
650.781333
4978.731304
598.000623
433497.762373
23113.862781
0.000000
1967.957999
290.845269
0.000000
3600.590538
0.000000
37425.994137
61659.225200
362.769787
19772.167920
0.000000
147.649998
25896.327864
3645.707026
15450.930221
12095.822118
43747.082100
443725.008721
3673.555673
157.794569
15762.957262
1047.336249
13731.158914
15136.000000
0.000000
41647.171344
1467.171622
125202.467870
10530.782303
15136.000000
35.857133
6853.076601
40107.779236
15165.223753
64.775201
161038.582386
0.000000
3420.859557
0.000000
15136.000000
440.760907
2897.834488
574.552879
14299.047448
8704.704235
161.360158
0.000000
49187.788518
5442.884588
10035.517324
0.000000
5602.156745
15152.329297
15136.000000
74203.410469
0.000000
108733.041118
41470.160235
93.048284
39.377478
0.000000
20823.152160
28618.250915
12545.211785
10575.408027
0.000000
6125.687157
2121041.340522
0.000000
2494.336184
82090.073822
28179.873641
0.000000
0.000000
0.000000
0.000000
28146.940388
1167.090919
54937.046589
49219.661545
37608.019660
0.000000
0.000000
3954.605299
0.000000
11281.793876
72295.345196
156832.848082
1461.949655
25.044777
5482.991307
158.506268
15136.000000
0.000000
0.000000
313.448570
0.000000
0.000000
71745.945918
10125.217520
345.614327
0.000000
0.000000
4768.742822
0.000000
0.000000
0.000000
0.000000
0.000000
8256.749177
5804.173557
0.000000
9841.253575
12386.741085
18623.734516
9164.933897
11141.966362
4174.910312
82.213719
173833.352596
513.287562
259079.924789
0.000000
0.000000
104383.604906
791.554387
113923.510968
421.092068
0.000000
0.000000
892.218813
29718.177281
280.941794
2201.109941
0.000000
2197.575635
605.446775
89237.278566
14042.843835
0.000000
96.592668
6.245473
31.910649
397.787150
7287.962318
79976.890885
2523.979706
1985033.483515
0.000000
0.000000
495.280707
0.000000
3696.854583
23442.724932
6.259931
90529.427541
200.189677
0.000000
0.000000
8095.197108
15389.577118
1895718.175515
0.000000
15136.000000
33184.377134
16656.363880
1941.787525
62057.311046
0.000000
9414.366818
274.897646
8800.292104
60626.305682
560.039641
8566.033852
0.000000
20118.758745
183.554292
13391.224431
0.000000
0.000000
107706.816530
95175.727618
1391.065003
3289.637478
343.535202
204114.992483
1438.433327
483244.132139
50766.502562
1209.915961
19877.159468
16818.015162
0.000000
0.000000
13951.466377
0.000000
1200.476459
8278.260198
169239.932800
0.000000
1200671.968624
43875.186276
0.000000
16758.185957
40144.253146
57826.244959
15136.000000
974.414115
5281.226605
0.000000
34160.703685
8327.616901
104477.487291
574806.774003
368.898853
3783.567976
7405.349680
0.000000
2199.820517
7080.137118
20.002765
0.000000
15475.602506
0.000000
0.000000
1708.830792
99957.064935
27093.099677
20335.115647
62410.533659
187542.867695
36527.488821
21676.424797
87106.168328
0.000000
0.000000
46605.625570
873.014496
1332.199342
0.000000
16661.211964
37648.536857
15136.000000
0.000000
357.651725
0.000000
716.187575
0.000000
92625.861747
41667.553983
879.148346
0.000000
15599.910643
7484.246593
7994.211725
15136.000000
0.000000
3933.728861
53275.753226
43310.854499
14249.865038
1.333333
2343.197637
104443.874134
0.000000
8662.414773
182014.761500
30787.739777
42973.150508
509648.498307
395.154005
69342.522917
0.000000
725.503854
0.000000
11614.965032
0.000000
29565.262418
1886.480205
45790.432026
0.000000
0.000000
141652.130996
4909.406847
0.000000
1268.990662
261420.372700
541.190120
39429.152940
0.000000
8961.845475
0.000000
0.000000
28897.407667
4040.422769
46483.221802
11602.752974
17322.403721
2711.328797
1.816667
163.949204
0.000000
20526.212187
8770.272268
3250.786257
6.833186
122.309763
0.000000
53962.567680
6.596825
21054.669805
2706.755685
15279.623741
0.000000
376.311980
15.564822
50888.507861
370447.812486
17.392267
1064.180619
0.000000
63818.086562
165.284099
10.593064
20857.026138
0.000000
5.212209
13845.501036
0.000000
0.000000
34150.930688
58204.150611
2404.319417
0.000000
164.117974
0.000000
20894.511858
24466.579845
9009.603003
0.000000
4.000000
79524.274635
2870.924378
0.000000
0.000000
0.000000
0.000000
0.000000
3866.587549
15136.000000
0.000000
0.000000
36310.262617
115451.729189
15976.020913
0.000000
0.000000
3784.154729
53.668656
16179.406176
2079.046890
2684.881833
0.000000
4162.658932
18156.575306
0.000000
28931.197883
407852.567757
367.178840
0.000000
4438.988742
120988.300101
26840.123630
58500.912618
35492.227472
72986.787477
52.103473
476.311638
4535.850441
0.000000
14411.389115
0.000000
4486.463272
43678.055190
1398.996403
193.977122
135.959877
0.000000
13883.326235
7632.081172
20462.638929
0.000000
0.000000
49097.580775
0.000000
3900.403052
2096.669323
132.000196
0.000000
1363.803602
111.627692
0.000000
16722.458283
0.000000
0.000000
6991.178061
16282.714614
0.000000
112720.330646
53621.455273
0.000000
42603.441194
8523.055874
0.000000
4015.580851
8052.348895
47529.116397
0.000000
10052.732353
21693.829891
1277.602762
4091.517613
0.000000
97926.059208
0.000000
13367.142861
3586.041348
84972.019086
0.000000
35794.246725
1881.493116
0.000000
0.000000
8233.936595
21307.747403
1098.512151
3285.411099
0.000000
292756.490739
168.740405
246.849770
0.000000
10522.826269
60520.000000
0.000000
76333.817339
7666.733929
2479.149242
713.533300
143454.592060
0.000000
14897.464428
20176.156524
10226.541756
0.000000
16451.624430
48.628705
3162.325907
467.616398
19.466948
1844.501786
296473.971967
0.000000
12.668450
0.000000
0.000000
9529.983029
0.000000
34505.562206
277575.161500
38273.568311
762839.452748
30268.000000
28572.882712
24.612988
101350.608833
3339.158221
178047.882608
29479.323751
0.000000
6.671540
44.308418
0.000000
31098.058714
0.000000
71792.411953
0.000000
0.000000
0.000000
1058980.332237
648.392096
2284.157839
669.509749
77841.194636
1413.884620
5556.753687
123913.878240
10466.875321
9414.646751
940.908809
104.746666
0.000000
0.000000
0.000000
94509.306647
22499.846536
273.463732
27745.353601
0.000000
18.251844
0.000000
9760.664835
4265.737235
7.551437
92198.047993
0.000000
40143.732032
0.000000
0.000000
15136.000000
2973.418867
50448.453725
42325.209400
30229.522237
0.000000
15158.610407
28388.490859
1652.150083
76450.955367
0.000000
0.000000
15136.000000
15136.000000
0.000000
31271.669033
0.000000
82971.300517
262170.042526
774.236028
13656.223396
0.000000
0.000000
189686.015452
1351.299461
11409.199885
15549.785995
0.000000
12.590478
129834.296794
45396.000000
0.000000
2348.596835
8045.102937
8898.611389
177.978211
0.000000
0.000000
0.000000
56617.486815
133.138061
12293.497261
26256.988991
13155.241741
0.000000
144103.017746
16243.055286
3758.415640
114.282858
0.000000
17049.065240
655.419091
6857.551689
40229.257359
11998.486372
3897.356222
4651.263435
1885.002619
157087.334749
1548.236023
217.262356
0.666667
202.570710
50550.527576
15830.410906
15879.287093
129321.280073
1409.646883
11793.989195
6241.284133
0.000000
15136.000000
204.786946
0.000000
117142.134895
0.000000
236826.509397
15217.683785
0.000000
0.000000
90907.744176
3570.141073
15136.000000
168605.365756
18492.076076
1204.181645
96.349876
634.106077
134026.859193
0.000000
17468.159670
161491.415258
12504.696276
1798.846041
17.957133
7102.018808
1238.817455
345863.096976
23438.465635
12259.793565
47215.543869
1247.675652
93.097851
48129.532430
35076.066342
16387.118338
3302.184125
0.000000
451.484586
18223.701660
42384.639104
1339.039423
0.000000
0.000000
0.000000
0.000000
25205.642853
583.586848
25730.331166
0.000000
58898.585261
981.455643
10.676740
17064.340772
0.000000
482.671802
0.000000
199.701924
100803.165839
24929.477433
247691.360876
45261.045395
1715.259169
34307.774812
0.000000
15405.590436
383972.054516
5379.718343
0.000000
101223.638365
0.000000
1.277778
0.000000
786.423963
0.000000
0.000000
0.000000
0.000000
33042.890730
9863.770992
61476.617793
0.000000
34497.317220
3858.798127
2899.877129
0.000000
4287.390716
2384.971031
16070.583028
0.000000
2995.887505
0.000000
990.263667
0.000000
0.000000
6.000000
159481.772596
25844.325305
908.609721
0.000000
0.000000
0.000000
0.000000
1803.215574
0.000000
44002.247660
1584.443926
265.246140
35296.020280
3992.914795
13170.529604
3993.274626
53146.798825
94810.036963
3872.620092
18595.663950
58.597679
187.952818
0.000000
820.179122
64760.130766
0.000000
18179.822019
0.000000
1326.289732
5285.860583
1570.050646
37.312686
34.227042
5268.168118
214.253659
352.626820
7567.000000
34462.786771
0.000000
10443.137620
6421.072199
3381.364119
270.123383
27633.291360
0.000000
48111.644855
21343.201718
3576.142861
490.717254
35.169634
131806.714437
0.000000
299005.056295
109552.732971
3969.234471
55472.650511
523428.713000
13189.493170
12476.798309
20795.665376
45396.000000
27553.246881
2820.105548
30335.146231
0.000000
0.000000
10307.931853
20037.065890
0.000000
60.901327
5897.879605
0.000000
87543.565303
752.129860
15136.000000
28.669821
163103.038719
1179226.331632
13148.417643
0.000000
58729.322583
1512.756849
4635.631628
39018.827298
18396.297420
8829.970935
19238.564131
2314.218083
4027.900736
17017.358775
1644.732434
0.000000
0.000000
73002.125671
47121.803184
37641.584644
41420.873794
0.000000
4171.007203
0.000000
0.000000
0.000000
0.000000
0.000000
36.087928
3128.991788
109670.822367
2842.943058
20.563917
0.000000
8.963422
47486.914191
386.021426
3620.161511
52367.767696
11699.636061
0.000000
16.454220
28204.048666
0.000000
557.704229
0.000000
0.000000
0.000000
1039.112341
60901.768358
0.000000
2668.311202
18109.914979
15771.331642
0.000000
0.000000
0.000000
219.547696
1276.212030
30468.870274
0.000000
363073.248307
0.000000
1256.158175
0.000000
13.231046
35573.818363
47765.973124
463.658133
6.038154
0.000000
130.487750
4356.885334
0.000000
0.000000
19.362641
47983.953622
0.000000
3876.118534
2141.683984
21114.746973
1783.884708
56.287061
6228.030726
22135.508750
20183.934421
0.000000
7039.215911
0.000000
23698.257989
7865.647004
134.983064
80.712317
24982.146773
116156.297342
8097.557614
21988.126258
61.236279
43353.506919
0.000000
1947.624289
2498.016231
1165.695913
184436.615306
90.423762
5088.843632
0.000000
279.007106
1471.804437
130437.176102
696.980686
1757.276604
242893.979097
0.000000
52149.222810
3831.885880
42290.828200
15136.000000
0.000000
0.000000
508.885469
24765.184594
408.429494
0.000000
0.000000
2169.016796
927.153360
8837.002549
0.000000
14192.416300
20585.485135
0.000000
15697.798579
0.000000
1558.355412
41991.960703
0.000000
0.000000
0.000000
132040.649402
1.333333
3928.341710
426.970151
0.000000
3915.932448
0.000000
2334.888302
45396.000000
0.000000
0.000000
2078.370092
21100.899167
53.114153
50086.855180
100992.437169
25.766022
7405.554426
5051.420512
6078.952939
15164.118454
23853.231832
17.368658
15819.847954
30936.236408
200286.129393
45396.000000
0.000000
7483.831389
0.000000
0.000000
195.674094
5985.513190
15136.000000
28611.289253
470269.562793
0.000000
57231.633351
0.000000
2286.028993
19406.024209
0.000000
1072.197536
9655.451951
35896.274449
59901.086554
41744.230438
0.000000
15136.000000
33.620286
0.000000
209565.631724
41870.962535
59308.713981
2464170.158553
0.000000
0.000000
95620.269250
0.000000
18155.644188
29711.582790
0.000000
0.000000
0.000000
93527.231262
12.445072
106641.649110
0.000000
0.000000
7328.281462
0.000000
26127.474535
3847723.393326
184782.101870
0.000000
419898.520695
12001.723612
0.000000
0.000000
0.000000
48570.369882
23403.823159
15724.344510
87.686243
159.766386
87812.653428
0.000000
15404.223149
0.000000
26201.516392
21041.087822
39064.162616
30553.385000
607.174056
5206.661676
0.000000
25984.887984
15629.231337
0.000000
1660.339590
292345.922420
11045.708803
0.000000
22652.195073
602.518163
0.000000
0.000000
0.000000
16877.493513
219109.233895
1334.970433
15136.000000
5826.061610
48.171958
3605.434923
33976.354939
0.000000
0.000000
0.000000
0.000000
9145.201459
0.000000
0.000000
0.000000
105308.052137
30335.390506
24399.964424
2855.502110
15227.492177
0.000000
60870.381084
15136.000000
24525.722240
0.000000
0.000000
972.826131
1235.402304
0.000000
2432.392200
51352.929741
0.000000
0.000000
178050.030194
42232.923310
18860.240898
15136.000000
1075.302212
1461.484840
92860.743278
51144.273976
662.491706
0.000000
38185.255668
32388.091261
675.959446
219.517732
167.185740
3903.661655
0.000000
1331.872368
24034.866089
0.000000
0.000000
237715.354854
278.622064
0.000000
0.000000
3619.216155
217005.174930
18999.530040
0.000000
157936.396516
44002.384158
45802.104497
0.000000
13.406358
23134.398444
76978.269649
15526.739501
0.000000
14983.643402
2727.404639
12091.321699
2267.782964
0.000000
72253.684150
81963.902483
0.000000
161.406529
0.000000
38.591632
89.790289
20302.221844
25058.074891
0.000000
52132.190683
22713.065172
0.000000
1626.614232
8991.963466
1487.903542
24131.698399
0.000000
0.000000
0.000000
19.691026
19346.361586
584.229971
83.317891
0.000000
2488.908692
0.000000
0.000000
508.129091
0.000000
0.000000
0.000000
0.000000
12869.721268
31011.428547
0.000000
316.554770
26487.540137
31317.878351
0.000000
0.000000
0.000000
16166.731533
18575.487187
422.592592
0.000000
82640.615112
15371.857553
22981.918032
15136.000000
2256.588527
14990.814525
929.213276
1098.999098
7018.538673
70088.209546
23857.382013
0.000000
118584.219553
7681.200379
0.000000
0.000000
100721.209872
3942.371364
0.000000
0.000000
0.000000
42345.713937
0.000000
0.000000
49.447706
69.192832
0.000000
0.000000
26170.019998
50870.593238
0.000000
17909.787615
0.000000
6945.468922
74641.573479
112.053452
0.000000
0.000000
0.000000
14068.463596
112460.313139
81286.931466
0.000000
42207.597552
0.000000
66459.228237
60092.006943
2015.019377
257283.228727
5671.989346
0.000000
0.000000
0.000000
0.000000
0.000000
40904.351055
0.000000
43071.987232
2104.783767
1701.957511
40132.718061
0.000000
0.000000
345.576180
15144.109507
15156.029287
0.000000
0.000000
70.508382
230.501800
1379.839871
0.000000
15414.667115
0.000000
50364.050852
0.000000
4109.894643
0.000000
108952.145465
264.079497
53006.689792
0.000000
15136.000000
0.000000
3249.364517
1801.450638
1494.801097
83384.339518
0.000000
16472.462877
0.000000
1424.553777
74695.751418
677.440798
33853.839984
0.000000
126482.061192
48492.119727
683.722107
90850.436782
0.000000
33522.642546
25814.238559
0.000000
0.000000
50.434575
41560.358820
1958.883960
86963.781623
16646.014120
45396.000000
99.112272
2342.149562
0.000000
3266.075303
0.000000
17820.167380
101177.741893
0.000000
0.000000
15587.022834
28726.425284
24522.665703
61612.363917
0.000000
4545.050026
0.000000
0.000000
0.000000
0.000000
0.000000
0.000000
63938.382584
47094.244521
24586.674227
21167.705769
4032.123295
130.284177
577.052138
0.000000
0.000000
60900.611334
34558.028835
0.000000
0.000000
15136.000000
0.000000
17704.170470
0.000000
0.000000
0.000000
20241.318636
0.000000
142.168955
0.000000
0.000000
81394.962231
0.000000
88010.528962
0.000000
0.000000
21131.572315
0.000000
1746.676077
0.000000
21310.647797
20101.628518
3428.458697
0.000000
1182.402512
0.000000
527.887501
78.014879
2915.407945
0.000000
0.000000
290562.702398
22128.257548
17357.070835
34.414618
4326.085397
126.448549
1118.709292
923.017996
1248.845038
1398.672764
2231.628106
0.000000
774.980866
57448.046403
140932.681444
0.000000
24462.549914
15136.000000
117.587319
39735.492499
51945.683666
1515.941861
0.000000
0.000000
0.000000
322.257908
5649.306045
9093.158926
121127.452910
44793.756333
1894.368877
0.000000
53380.011001
154.726752
16636.678629
61812.119341
1397.943453
17136.523987
7958.983786
339.320389
123.849567
15136.000000
16787.138073
6070.835266
38003.436486
0.000000
35739.173461
179122.185754
0.000000
0.000000
5693.188869
350.564923
73.986640
32980.467874
26880.983190
0.000000
386.185447
0.000000
0.000000
0.000000
0.000000
0.000000
12628.254032
94542.454389
6758.202885
7349.207176
27377.576822
24.393950
14714.082613
60597.716733
214.105355
9065.251136
85048.365304
0.000000
771.264662
819.339804
27507.213684
0.000000
2143.027518
489.191424
29591.359055
0.000000
0.000000
7.551187
34920.783302
0.000000
20032.141479
4743.087282
2635.095170
21229.959752
0.000000
1183.813342
5655.682658
0.000000
1996183.963467
33746.833516
15136.000000
38323.811522
30268.000000
134385.856435
0.000000
69060.538517
9853.931748
0.000000
49664.058278
4667.473704
10196.070108
243.204523
16.638575
45670.174107
11230.768733
0.000000
0.000000
10351.155118
10178.653381
2046.709168
0.000000
829.569995
36505.603915
18610.082102
1711348.187885
577.372224
0.000000
21643.161904
0.000000
15136.000000
25.845289
304.200244
76749.333023
244.453531
2425.228337
279.201465
3443.478229
15136.000000
26121.079633
887.593446
29039.081036
0.000000
0.000000
0.000000
0.000000
0.000000
0.000000
0.000000
10561.579740
8286.781263
62.258344
0.000000
36490.380359
21326.346385
0.000000
32788.812856
35416.448964
4024.578226
749.150254
223912.337171
23597.440706
0.000000
15136.000000
15.301066
2560.307385
20087.663945
0.000000
0.000000
46537.781875
0.000000
0.000000
60526.000000
0.000000
28170.070525
0.000000
0.000000
77368.684169
51091.714014
17373.362708
5293.516283
0.000000
27413.805365
867.144836
6787.678699
43.093617
0.000000
94389.286119
0.000000
70454.967434
299098.535848
2824.044640
0.000000
30616.417896
367320.528769
30268.000000
27125.575952
4716.517002
0.000000
15136.000000
92690.101416
2528.657563
141762.053491
18.483801
0.000000
1013.824760
8666.739249
57.691415
396.401992
28484.566530
281.715092
15155.028041
2715.925420
24429.251317
1622649.933963
48409.057727
0.000000
6887.972825
12947.361350
15136.000000
180.795142
6998.306892
105233.763052
0.000000
14864.592918
21462.804039
5369.340496
0.000000
34935.154555
524.459811
82727.007442
3696.813356
0.000000
47437.643487
0.000000
0.000000
13372.378509
6.400000
25974.767062
25017.573063
2692.122088
202.253738
137.327158
181338.786929
168.520221
99739.533987
130.487750
28311.189684
83278.063814
64861.727062
4015.451371
15517.755703
21912.545568
482.132569
45597.545865
399091.113444
118.322738
6170.797712
15136.000000
4968.488637
195044.290054
20332.748994
0.000000
5732.672204
0.000000
139.810544
3021.911638
0.000000
0.000000
55447.103833
0.000000
32435.768513
4677.473005
24307.372755
21558.448286
10891.701405
21572.968270
13257.199136
0.000000
0.000000
718.461860
25840.716733
64857.248589
1961.768750
6255.512385
0.000000
0.000000
2235.844160
0.000000
15136.000000
0.000000
3054.627781
1548.278092
26113.813897
0.000000
13953.860742
0.000000
687.403550
0.000000
78981.497416
40211.294465
0.000000
17802.692599
5530.391550
1163.809446
0.000000
8040.402206
1277.162280
238224.292766
79340.558923
23691.904235
11965.606013
505.874798
15010.315609
0.000000
63.781833
0.000000
0.000000
4523.929750
0.000000
48728.496795
16893.167889
1611.737605
3733.704148
389.020153
125357.574604
32941.118029
14074.295651
11365.491599
972.912335
0.000000
0.000000
107.959471
0.000000
58386.586221
0.000000
15136.000000
0.000000
15136.000000
0.000000
19.583708
0.000000
1081.807878
1742.978306
0.000000
0.000000
0.000000
1639.803943
2502.770042
0.000000
21932.169052
0.000000
120.834614
0.000000
12412.187838
9752.201540
2692.913155
30268.190023
59.109253
15136.000000
227.137992
254859.723688
1696.847860
813.313294
15136.000000
2386.952450
15603.477141
778.254430
318.195079
0.000000
2802.564788
276.278188
39452.994275
0.000000
238288.650812
31134.649888
25149.314287
39276.083807
0.000000
229914.298025
0.000000
0.000000
4145.479844
0.000000
0.000000
0.000000
145061.255752
0.000000
106.596226
0.000000
81.982218
417.948080
4930.439527
81924.031661
6.443734
0.000000
2180.373300
15136.000000
0.000000
0.000000
0.000000
0.000000
0.000000
595.817849
66120.304464
40.884477
0.000000
0.000000
3832.983437
323948.378551
0.000000
15328.565197
6163.992921
33405.095327
458.450708
0.000000
714.572317
44420.885521
1237.061199
13528.835809
4659.402854
79.861272
22342.443658
0.000000
492290.634677
62900.601950
414.047492
0.000000
323.069241
5274.981492
0.000000
30270.000000
0.000000
0.000000
29123.376430
4987.037514
0.000000
0.000000
1612.791754
0.000000
40379.957484
2190304.980424
80140.814306
2432.936358
0.000000
24331.007649
8232.848378
0.000000
10794.927978
0.000000
0.000000
14496.590313
259.871674
49018.160115
0.000000
1033.537011
0.000000
0.000000
0.000000
0.000000
139.203084
15177.058648
0.000000
0.000000
0.000000
346.629510
24525.064645
13598.932666
0.000000
0.000000
0.000000
15136.000000
55166.317622
166358.083624
0.000000
0.000000
61766.263438
0.000000
0.000000
0.000000
0.000000
23939.335865
21944.820514
35999.283660
0.000000
0.000000
0.000000
0.000000
20925.153616
15136.000000
36384.865952
0.000000
26482.376203
347.566414
4797.704267
45396.000000
0.000000
117.971782
7263.025538
0.000000
0.000000
0.000000
12643.993001
0.000000
5085.705124
0.000000
5941.123300
0.000000
28714.109460
0.000000
80.321126
15267.499228
161.945015
0.000000
18604.730563
30270.000000
3177.449973
8282.376964
1471.744423
28136.094683
55170.432166
21843.290929
600.614906
0.000000
7438.304970
0.000000
5789.924135
0.000000
4564.317276
756.706441
21927.283219
0.000000
52123.193414
0.000000
8860.066344
0.000000
8619.986995
59210.030025
699.430898
0.000000
6072.999750
1497.412419
0.000000
189.004207
6918.092128
17384.905449
7874.986723
24919.502556
0.000000
564.027597
56675.836094
0.000000
0.000000
0.000000
18156.935851
0.000000
51954.705681
4489.334003
0.000000
207744.239323
3573.114739
0.000000
0.000000
656.663451
25373.020623
418.164671
207.311693
27126.588768
17521.556722
0.000000
3735.988299
196.713364
6911.973711
8044.722049
18310.897941
28417.757954
0.000000
17329.778438
0.000000
1171.707977
0.000000
20366.919734
121790.256983
9432.453275
8486.666944
0.000000
0.000000
232.730640
1302561.130021
0.000000
0.000000
164565.308798
74048.120088
119.657762
776.891108
11783.532284
0.000000
39856.041362
0.000000
105337.140023
0.000000
55211.225033
0.000000
0.000000
2033.585527
23886.716515
4251.633928
5739.051962
67388.183793
0.000000
13.360064
0.000000
0.000000
0.000000
9961.494722
19125.147070
0.000000
91230.933603
47772.287617
72.851489
3674.281375
15200.207691
19231.550352
12919.849782
1328.247503
0.000000
107.836818
373.400631
86346.890099
5274.757731
0.000000
22.130737
53510.242934
116918.183912
0.000000
0.000000
77.138908
5289.023759
72695.727484
452.316311
1395.895142
11930.482655
33.184631
0.000000
730.796511
15749.937475
319.674385
0.000000
32029.018937
299207.075388
0.000000
15136.000000
4.731434
5662.785492
171.744831
7981.118391
3266.336159
72260.327210
0.000000
18418.527554
59268.842097
15219.186575
0.000000
16395.291385
0.000000
0.000000
613.365024
5672.936269
0.000000
27835.203337
0.000000
0.000000
0.000000
13658.758231
2403.202623
15136.000000
17385.133225
0.151282
8435.756332
15136.000000
0.000000
0.000000
316.153634
99237.153543
965038.828287
58517.954269
91052.222686
527.916053
0.000000
0.000000
15136.000000
131356.762083
6076.627433
0.000000
181.467001
32378.018621
0.000000
14436.897660
102.450380
0.000000
43411.073241
743.589620
37177.591483
0.000000
31001.692492
19139.347357
1240.093543
0.000000
60124.317567
0.000000
14460.282243
10470.816148
0.000000
309.321658
2939.101900
1841.666311
25190.232758
0.000000
25125.318042
3917.707800
1207.113941
194.848049
0.000000
1066.800423
77957.895967
28186.884848
10523.696278
30.512588
48236.734493
622.525406
5872.609364
15155.162753
23373.388094
100.840078
0.000000
15136.000000
2948.430684
4408.510294
0.000000
73344.304428
0.000000
9986.777809
87.460193
15175.002015
6099.851748
1029.737452
33.352091
62.414018
0.000000
111.537450
71.036061
186.689438
0.000000
23334.856398
5822.848547
423796.141238
0.000000
67561.672861
0.000000
575.697688
6363.992898
100413.118011
0.000000
5776.853878
12461.045237
0.000000
0.000000
412.280266
2495606.372125
117566.548255
0.000000
16381.319843
11.917707
9.775754
0.000000
288454.290363
433.426428
229065.631571
0.000000
18300.808529
21248.224750
0.000000
3354.682801
0.000000
0.000000
1.466667
15136.000000
0.000000
0.000000
4302.465873
68596.394693
0.000000
128619.511956
25292.675868
45023.249357
15136.000000
524.195191
0.000000
17.957133
30333.671990
7515.000000
75.529429
37966.042715
170678.118452
0.000000
29097.811188
0.000000
24188.693575
13.103856
676.688498
0.000000
3372.819302
50556.119785
15136.000000
0.000000
2884.792244
1734.939494
0.000000
0.000000
3479.196987
0.000000
6831.458884
183.194228
0.000000
92734.582249
104.529312
0.000000
8296.160907
155683.805077
0.000000
249301.042126
3307.818522
12527.448504
186.606448
371.536862
17567.831894
0.000000
0.000000
0.000000
0.000000
107347.100465
61921.059250
270.416784
15267.204951
1546.977600
230.834789
55272.548656
1687.927722
230343.125583
2032.223873
193611.859300
0.000000
45716.509825
21354.668648
78997.442225
0.000000
0.000000
227436.916428
22554.426134
0.000000
0.000000
3263.486993
2162.794585
1797.242713
3644.730463
0.000000
0.000000
4099.985710
0.000000
42046.946030
76195.063340
68258.918754
0.000000
403.430196
104.212081
30437.649240
6.177912
0.000000
189009.876898
0.000000
7089.111430
0.000000
34655.723693
0.000000
128.049813
0.000000
0.000000
0.000000
33109.338055
1316.245967
0.000000
4521.217094
866785.308758
21710.131588
75046.721276
187840.862989
9697.293019
7485.132940
15171.711060
0.000000
9008.444264
75.142074
1196.975341
0.000000
0.000000
0.000000
783.520092
18463.210129
10764.588178
79619.444444
1868.158733
31959.407691
1397.272891
0.000000
61173.234027
821.934771
700.699045
4562.952265
108162.999248
15136.000000
1862.422208
31739.645277
34.527365
0.000000
208054.206373
1171.357110
128257.447037
1509.821336
0.000000
146.413124
2.910664
0.000000
15136.000000
12554.794833
0.000000
6164.851366
0.000000
71853.008744
8244.056810
91525.850944
4460.429610
0.000000
24232.941209
347.897237
586.011033
28324.577779
36211.191193
733.187403
15136.000000
11011.489061
256.143358
6343.496021
51332.997073
11.067758
49063.350589
6236.905213
18467.468431
174297.492243
1470.609427
263.068998
681302.484527
10865.644195
0.000000
0.000000
3847.757595
37.113279
105.052438
415853.524378
45.571650
723.999103
2461.363843
1852.337754
126525.527957
1913.479889
12237.208809
0.000000
1185.706602
43129.019231
16195.011172
41840.914446
0.000000
1906.226396
3145.925270
0.000000
26999.894721
6984.397274
30.926551
23494.495102
65159.164468
33391.449015
36020.023159
1823.675861
0.000000
2563.545810
94124.357631
278.141164
31407.122646
13872.139527
0.000000
0.000000
979.443791
27503.764373
2398.490692
0.000000
0.000000
0.000000
0.000000
0.000000
881.542249
0.000000
0.000000
0.000000
15136.000000
0.000000
42167.270922
50697.576292
8500.739292
182116.163715
1150.164469
0.000000
196617.510726
269.869750
1130.101438
819.606412
16604.052856
14994.118113
2.400000
712.917264
32489.518349
4682.703401
0.000000
20724.087454
27644.527793
2953.896288
66733.045032
74.241716
0.000000
349.172080
13042.807329
365207.342910
0.000000
2541.195829
11296.690928
0.000000
0.000000
544.027341
551.499248
4.560897
11413.789380
20172.979415
0.000000
0.000000
0.000000
0.000000
24186.512828
15136.000000
0.000000
1901.161504
1514.018188
44633.841352
23034.773717
268.292041
1492.352631
0.000000
3.974357
28966.276931
0.000000
80935.367326
51663.356151
180163.491989
6.212698
0.000000
26573.326431
7467.812737
0.000000
2259.122931
0.000000
40.897326
69393.524149
0.000000
190.222994
0.000000
354.030592
15662.869405
15137.372222
0.000000
0.000000
165.522370
0.000000
16513.993166
18959.156986
0.000000
1158.627262
0.000000
0.000000
140.501035
0.000000
649.180396
0.000000
40967.487175
0.000000
1192.317166
31127.892432
0.000000
52229.245628
8238.735259
0.000000
186842.731455
0.000000
4354.337940
0.000000
1265.658868
0.000000
0.000000
27539.507318
103.366261
4378.085407
26834.941375
0.000000
0.000000
0.000000
49126.033299
0.000000
0.000000
0.000000
15295.369910
0.000000
4402.086754
9735.077943
900.508062
25393.998706
186128.968267
0.000000
13392.454337
1515.908168
0.000000
82605.097967
43334.152376
0.000000
6020.408980
0.000000
0.000000
2230.711924
4759.270083
0.000000
57415.124264
6943.160917
16443.842750
5438.813899
49645.963953
21647.567500
918.952630
111.434067
0.000000
0.000000
0.000000
28396.548166
0.000000
8811.910448
19583.447614
3043.090372
4233.896917
11335.576048
0.000000
7426.110349
73501.031345
0.000000
0.000000
548569.423090
3862.493080
61265.714730
112413.194619
9828.130722
17337.072308
0.000000
0.000000
37553.834220
1442.136915
5418.195798
772.909820
55809.430212
5625.057282
1866.589889
0.000000
0.000000
0.000000
731.723439
2378.841160
17677.420445
1147.789193
411819.561103
0.000000
6128.616092
51.625921
0.000000
9030.797814
0.000000
15008.192289
58779.078034
30271.000000
0.000000
433.891912
594.834990
0.000000
14728.204227
0.000000
119176.267539
21414.361389
40106.953914
15150.884398
2375.616169
15529.867146
0.000000
315.281105
22348.424605
4862.856703
15136.000000
0.000000
662.245678
48017.428848
23.271327
15833.486610
4146.208764
50657.758473
977.374169
8240.510906
0.000000
0.000000
6641.830124
4912.083717
1159.260222
0.000000
16631.705655
888.780120
1024.274932
54067.370569
2624.885516
0.000000
0.000000
1095.660683
4397.724733
18007.768993
0.000000
377.915579
716.513434
0.000000
0.000000
65458.440072
0.000000
9638.643552
30272.000000
0.000000
1585.346181
7033.139807
434.703634
16122.126826
0.000000
32814.295766
170425.632897
0.000000
0.000000
0.000000
13755.128592
65586.056976
0.000000
45996.268289
0.000000
9111.249089
0.000000
15158.905813
18193.582022
68.057868
0.000000
0.000000
33351.883536
0.000000
88931.570733
23826.505803
40021.875783
0.000000
43497.927143
15136.000000
45986.523981
11080.728576
0.000000
0.000000
15320.185694
0.000000
1337.314747
0.000000
0.000000
17.859701
48017.800355
376.466560
0.000000
16241.862927
0.000000
0.000000
33163.446513
8097.391812
30270.000000
0.000000
109579.868910
37392.483012
0.000000
15136.000000
14735.743281
2105.688807
5.478207
0.000000
2711.266363
756.233609
0.000000
0.000000
0.000000
67346.540990
52053.901121
69376.058883
49484.563031
3875.959829
0.000000
0.000000
1719.535951
0.000000
0.000000
15136.000000
21484.807236
3675.841745
749.698264
1106.762243
169327.092407
30270.000000
8850.691923
0.000000
79581.226251
68611.896026
157654.620828
109943.308584
0.000000
13737.630649
0.000000
634.824340
0.000000
4454.325049
0.000000
4733.775926
583.466947
10496.403051
30268.000000
0.000000
42864.655144
269.038490
1077.271869
0.000000
30270.000000
22236.081342
7364.384488
146.538457
15136.000000
561.146897
5054.234640
107924.302754
13910.956088
8064.378865
0.000000
244.699147
10382.051529
0.000000
15377.361002
0.000000
8.762765
0.000000
1027.727463
0.000000
106.214757
0.000000
31330.225065
3071.631734
0.000000
107254.898951
0.000000
229.552073
0.000000
19319.517726
146.413830
0.000000
0.000000
1176.643623
27708.491370
0.000000
196.171582
28824.382602
5974.051747
117.133906
6898.345823
16.256910
4558.459176
10924.096304
10952.689835
31524.865103
783.804127
2852.456899
41555.285728
1594.844767
88.703283
0.000000
7673.359125
0.000000
26958.954141
69259.467479
14241.555549
3267.035190
0.000000
5118.432682
0.000000
2974374.499760
298.644765
848.992287
1111.354920
72575.960246
0.000000
4.819048
270138.585360
0.000000
24641.752648
38708.264629
1164.854347
48.779464
0.000000
98175.233286
3966.546884
0.000000
4072.782633
0.000000
87426.583303
30127.513098
0.000000
107.261292
2825.798744
30778.692303
61612.422485
20000.230239
0.000000
31711.348501
4508.375393
2173.882890
0.000000
0.000000
45475.145462
26834.205873
22775.787683
1623.445511
170.278692
18952.681295
11248.659162
20474.514238
41877.229340
96.323795
1180.337139
103463.653522
65380.712789
22402.119148
119.959584
0.000000
0.000000
0.000000
503.315299
30050.517150
2346.871902
566.656930
872.621772
823.456790
0.000000
8311.661968
92130.918896
12.664139
5675.906727
25460.952526
0.000000
32941.877082
5901.148884
14516.606876
16830.975105
0.000000
0.000000
224.891306
54991.242958
15136.000000
74345.722561
40030.225530
15394.069870
37437.318168
5348.929513
23012.798525
21875.590462
557.438352
15136.000000
508.313527
0.000000
37755.013039
82109.822507
6001.994670
29.373970
0.000000
16786.386071
4353.951211
5738.400200
449.405944
140520.624956
7625.138008
1183.743218
16652.900288
6337.324852
15380.881761
97422.785189
5833.309303
483.684726
0.000000
0.000000
2104.973669
13934.577149
44093.121076
14073.791193
30268.000000
0.000000
1.000000
15136.000000
0.000000
1665.670926
0.000000
0.000000
83135.090891
0.000000
37140.332988
16198.875174
6708.634060
380.496275
0.000000
0.000000
0.000000
462.821624
15136.000000
379.225225
54.533163
0.000000
0.000000
67303.405545
11562.412116
54487.292692
2069.101950
40096.159062
15136.000000
17128.047131
0.000000
0.000000
473101.886961
4.666667
0.000000
0.000000
8476.409699
1721.381019
0.000000
1681.162500
1897.778960
77305.139297
258.193204
282466.516988
0.000000
15136.000000
80000.659301
185419.346710
0.000000
5065.688555
37195.606353
0.000000
988.966382
49964.945371
15136.000000
0.000000
0.000000
410.451513
50847.917710
0.000000
25820.966343
15.891981
30.597462
137954.812976
8578.937052
34100.211506
149886.466903
30268.000000
0.000000
7407.318852
4140.863974
28047.995505
24902.859659
9201.943903
37394.562268
662.794528
0.000000
1287.455064
1961.027543
15262.605321
6396.031504
75.823133
1317.337444
0.000000
15883.619887
0.000000
36367.483120
225317.706677
40451.492083
5610.986005
0.000000
7240.394606
24042.998828
2718.993014
0.000000
845.054860
60.037669
169.408249
0.000000
0.000000
25766.041071
15136.000000
0.000000
100.537289
0.000000
241.831645
17309.549579
58565.628350
31184.081254
406.302928
10274.228509
4449.164395
1559.639631
0.000000
184688.092168
0.000000
33812.726878
24204.449696
0.000000
30268.000000
3181.354008
99428.079031
8746.095432
0.000000
162.016617
0.000000
0.000000
0.000000
123652.287031
75685.308806
158671.324355
0.000000
128805.895747
2744.310151
9737.528315
4475.918771
324.829223
0.000000
26978.255458
15136.400000
16026.802473
35993.077401
0.000000
6624.095267
0.000000
9.393205
6013.343579
0.000000
25554.314939
6013.299849
103223.396997
0.000000
144187.171126
8227.510325
2318.861083
3099.152728
250384.551887
0.000000
64785.243184
12049.547817
115340.847719
38042.356928
2333.826700
12560.916673
19144.595576
160.578674
0.000000
31.459025
2095.106294
105899.872116
2519.214965
358.543661
933.767292
15222.134938
14007.101938
15137.000000
8240.183227
0.000000
2138.618584
1101.454585
15136.000000
26354.778847
132077.104220
0.000000
30270.000000
0.000000
104.470231
539.535195
0.000000
9436.310310
39914.233597
0.000000
0.000000
0.000000
55083.202417
0.000000
21743.095478
236.161557
98333.462960
186993.682894
17589.611089
15136.000000
11619.828296
1573.147182
0.000000
33.801944
82143.964625
3017.526807
39.431982
7583.129036
294958.059062
0.000000
19080.329711
0.000000
64.356382
23570.283741
15668.389733
0.000000
61629.151605
22054.023349
7.652432
0.000000
75187.436312
86888.543150
0.000000
1204.644122
0.000000
52924.018066
1327.352157
2027.289269
60.656760
1996.849410
138121.259781
7242.279562
4897.998192
0.000000
21524.889925
283321.896714
0.000000
0.000000
17513.919703
198.228245
997.402335
81.577507
4.133333
1900.708021
16227.269738
11457.068890
284.962405
3326.926381
215387.884667
144182.034343
14726.571621
10.629938
393387.420353
0.000000
0.000000
33279.594744
77546.505782
62820.784690
0.000000
42033.810113
3508.337877
73343.876360
202.658817
15136.000000
15300.015983
106484.152854
126800.045218
548596.420977
0.000000
29.556071
49507.086372
0.000000
12753.489882
6774.988650
0.000000
0.000000
18511.935461
0.000000
15136.000000
87898.997423
118105.276895
0.000000
45032.020643
8033.173280
39630.390982
72325.683346
197.909464
0.000000
0.000000
13519.592161
770.101481
191905.811244
3879.220365
1097.200716
27978.062165
36819.064504
87.989796
47724.613110
28788.491480
1.164377
1243.010381
0.000000
0.000000
64657.075380
4157.170909
891.369822
0.000000
3.367100
788774.291221
2956.754465
5325.161418
0.000000
30110.160496
116204.497511
0.000000
0.000000
15.977898
64155.632543
181708.853484
17395.297805
0.000000
0.000000
0.000000
15251.164316
0.000000
15198.467390
62019.559327
7340.625019
15136.000000
11016.325208
2684.960922
2532.972863
0.000000
53682.334913
0.000000
9662.216591
19060.254268
0.000000
2758.547535
0.000000
16984.698333
15439.289498
3517.185507
2464.248558
0.000000
40494.971891
0.000000
252.571206
0.000000
0.000000
7741.318138
114722.698932
0.000000
283729.320388
8194.488630
69972.898764
58845.644592
22515.262082
0.000000
0.000000
0.000000
14000.364854
0.000000
1.757730
1897.654514
12399.310229
45135.105494
2687.876968
11.021567
45396.000000
0.000000
0.000000
47175.937822
0.000000
28253.193461
9197.522400
50.749806
0.000000
0.000000
0.000000
3985.859355
57.554877
10831.564317
0.000000
32177.019415
0.000000
582.867509
365.860404
0.000000
30268.000000
0.000000
0.000000
0.000000
0.000000
0.416917
0.000000
4439.867283
0.000000
4169.675264
0.000000
9838.272632
21547.520008
4100.811500
0.000000
0.000000
2446.503063
386558.652217
12694.519394
0.000000
0.000000
185126.372241
48556.678442
1591.370583
0.000000
12692.597204
185.965624
0.000000
0.000000
0.000000
5755.382190
197.123034
18197.326741
146628.716129
0.000000
149.822927
37172.809155
6661.395932
884.113347
52977.686038
4015.530843
31978.805072
206199.790770
0.000000
44979.782180
37.145368
3460.943738
26956.426327
40269.934025
15495.679319
0.000000
0.000000
11099.886668
11039.374228
20288.923626
0.000000
91346.858469
48776.088898
0.000000
89.611443
0.000000
0.000000
0.000000
703.400487
19356.253123
177.987655
81659.448036
0.000000
20858.973895
2469.078268
15136.000000
2410.151073
23788.840007
28268.942034
8698.164583
9910.102732
35905.745765
15136.000000
24.495337
0.000000
0.000000
0.000000
1922.004708
7680.584765
38329.522545
35231.129953
0.000000
1667.046673
15498.987209
3178.349722
15136.000000
214.951219
4667.371187
0.000000
0.000000
20005.490942
5006.129025
22775.531541
418.192131
145.282056
0.000000
3576.375875
309.405240
39256.168497
30270.000000
1499.746278
3139.598623
15718.982415
0.000000
39058.368430
0.000000
13323.164276
345389.188379
0.000000
0.000000
0.000000
58487.353989
4941.805071
76.608033
525.161892
12210.329255
0.000000
4140.016913
0.000000
108843.326025
29008.644080
0.000000
5.000000
53256.776669
138.121236
0.000000
5089.798300
0.000000
7809.985157
23705.288590
8129.190417
9441.451371
0.000000
28532.674224
0.000000
1056.408071
30270.000000
0.000000
15955.787893
22772.669579
0.000000
2694.060942
990.577699
0.000000
0.000000
14.157962
1046.325657
30546.471011
1018.931099
106.579414
23229.119070
0.000000
180524.585156
0.000000
29446.991733
0.000000
724.875863
0.000000
655.815591
5418.044245
1491.422939
0.000000
16726.364544
3.927460
104697.922220
516.975392
0.000000
62582.693123
18.311319
0.000000
57681.642888
13570.044863
379.024795
652.418236
30268.000000
0.000000
0.000000
12384.452504
7609.583426
91716.708623
42974.520536
7492.442968
2869.819113
442.572359
31704.964440
0.000000
1393.330231
74858.797032
0.000000
49254.294312
684.936887
474.435439
76374.156292
0.000000
20505.854358
25608.332229
8.649734
15232.451534
15433.244366
0.000000
417.990152
15615.492901
0.000000
1347.442057
323.300608
2960.131433
10686.648364
18739.494693
11250.178872
120.879867
15136.000000
7818.553937
225931.293963
54564.728657
912.951667
30151.726813
564.947817
2855.464228
34.967330
2806.582595
0.000000
15136.000000
0.000000
514.629692
0.000000
0.000000
851.798210
50867.047963
0.000000
0.000000
1052.221982
1696.258624
3099.152728
1034.083555
283.760030
12042.804293
2226.749215
16953.049208
116508.967899
0.000000
2437.589638
15891.557982
110.280680
7824.595609
0.000000
0.000000
15284.795117
12125.168227
19304.109930
15136.000000
16049.728538
1279.115514
2111.124642
5151.064382
133224.284683
21767.225790
19759.827993
986.815833
0.000000
3607.493686
19766.256628
10178.902212
0.000000
0.000000
0.000000
46655.044814
0.000000
0.000000
27828.026834
30286.237308
0.000000
56960.685226
6912.751851
30131.500691
0.000000
8462.696519
0.000000
68341.923131
302.804496
111263.921247
44.265750
1902.459560
166380.254695
71496.403916
0.000000
1575.754056
467789.829749
15136.000000
19340.401645
592.726527
1641.096497
3702.819599
1032.294749
15.120419
21438.164628
0.000000
0.000000
0.000000
35118.078980
62.479868
38417.375009
6766.984840
8400.058719
282.727519
9425.693610
0.000000
5292.071877
101089.280253
60845.508518
30270.000000
0.000000
17129.246254
15136.000000
0.000000
35731.779112
786.221453
46621.563543
35.536459
0.000000
1029.808216
4623.157780
0.000000
23318.582433
0.000000
26881.534898
15791.606346
23560.479828
3523.104059
0.000000
72.101179
20187.845677
2556.886903
2692.325876
2548.838271
0.000000
25650.232740
19809.509727
15137.711043
997.210792
265.034473
86.991255
103701.963677
0.000000
0.000000
15261.894224
28912.793560
0.000000
0.000000
6974.585990
488.519502
48434.306674
0.000000
544.448404
28967.907187
796.690805
103660.648019
0.000000
0.000000
15136.000000
257.026794
8318.932399
15578.994785
638.778383
200.836457
26613.220888
15505.727977
15136.000000
46954.462628
167942.270302
30270.000000
95.491464
0.000000
15136.000000
35498.967678
59.594418
0.000000
15136.000000
0.000000
10700.680277
0.000000
3949.136928
0.000000
3090.764535
0.000000
0.000000
75266.441937
33879.820685
3361.641612
0.000000
3369.132431
0.000000
791.963552
0.000000
0.000000
16113.959959
0.000000
428440.921378
4788.715478
0.000000
0.000000
0.000000
0.000000
0.000000
41650.523582
55316.325290
7.932348
6553.893167
63567.147933
20525.221127
42012.828379
34952.177206
426.349819
31054.990440
0.000000
32121.654107
122.345849
62405.667857
56791.580168
7733.210680
109635.441821
81.461097
19766.278149
0.000000
262072.253385
18954.665528
217407.295245
119.749234
242587.030140
6.587411
0.000000
14604.138792
3554.632207
0.000000
0.000000
0.000000
0.000000
638.042336
1460.348999
94.795051
12870.188876
1749.780958
6279.534051
0.000000
0.000000
45400.000000
604.259777
0.000000
5717.648347
13.965741
57.231271
0.000000
18455.212013
15193.815457
15136.000000
132.726697
38718.326186
22104.881839
15136.000000
21163.737887
616.398144
136.384406
0.000000
21021.399561
2292.507388
0.000000
2421.988925
180223.468539
98.836627
0.000000
41922.663210
23840.854519
167020.010330
0.000000
53195.227604
37210.323094
38233.480084
0.900000
0.000000
809.556333
23607.575814
22024.284075
2216.035368
0.000000
20179.409297
214896.289019
77627.298621
775.765965
0.000000
2249.556100
87.686243
2752.224493
0.000000
2429.073276
93625.574436
30268.000000
697055.849072
11817.405034
14586.303697
0.000000
42640.895568
91275.220591
13943.117821
10372.995969
0.000000
15136.000000
69474.120735
123.509840
5502.424480
0.000000
15959.183208
0.000000
0.000000
971.000507
80570.062771
1021.014500
0.000000
0.000000
794.930437
44044.081191
0.000000
0.000000
18525.574575
2491.597648
24321.162278
40677.667044
0.000000
204.363618
893.084585
35347.978936
0.000000
81702.304487
0.000000
0.000000
0.000000
0.000000
0.000000
244380.669680
0.000000
9709.156019
12.210301
0.000000
4251.010489
107.463513
28386.348184
539.633180
0.000000
471.598023
0.000000
9339.103721
0.000000
54089.637309
25339.032068
521.561073
27435.919558
1131.127932
214.194613
0.000000
421153.460904
2977.585483
0.000000
142424.596444
510.913558
0.000000
0.000000
0.000000
249403.697818
2099.923285
33538.216992
51138.894819
0.000000
0.000000
0.000000
3872.101336
53057.084615
781.331814
0.000000
0.000000
0.000000
0.000000
7948.750543
2308.296148
25.204942
393.837117
35879.589072
0.000000
1669.894207
15136.000000
219.517732
0.000000
0.000000
15136.000000
0.000000
0.000000
908.903167
5136342.855671
22856.844836
0.000000
81448.358212
15164.856591
2283.690082
20595.893403
0.000000
30268.000000
0.000000
11765.115024
0.000000
31420.153034
2595.295776
102294.711556
5342.591233
2618.733828
30991.222233
0.000000
0.000000
94459.956735
10597.742568
3388.836054
0.000000
20379.544319
227097.159497
55739.179540
241340.047220
2222.407221
79511.627187
0.000000
2582.273749
249.646921
642.585153
2153.715532
2063.442855
4967.251977
0.000000
4905074.789092
1972.115601
0.000000
0.000000
0.000000
221.880591
4203.928451
29.037871
84321.683932
6849.279271
0.000000
69829.490966
0.000000
0.000000
340.397411
3310.732984
3.868828
849.451781
51561.817846
40455.944337
3366.573656
165.842986
0.000000
42344.580151
0.000000
26.312566
0.000000
3375.765516
7515.000000
35265.399079
0.000000
60527.000000
0.000000
63279.501727
0.000000
15200.523181
48397.341662
945.246931
0.000000
0.000000
0.000000
0.000000
15878.205691
2073.172831
0.000000
24144.438337
0.000000
169290.987450
0.000000
0.000000
29529.584014
39.347009
880.361955
0.000000
5882.539837
7085.018729
1632.300620
506.566041
19596.570751
10950.814222
0.000000
1.000000
0.000000
10139.162666
33008.396616
28441.334093
5171.112514
1013.912126
27866.059620
0.000000
0.000000
5646.760989
0.000000
0.000000
20846.146615
0.000000
2987.011539
68781.397475
42645.820901
18281.538292
50421.276447
0.000000
0.000000
33793.873917
0.000000
49604.022089
0.000000
0.000000
0.000000
456.897884
28234.670005
15136.000000
28781.017411
15137.000000
4488.596300
6449.183288
85.489745
114484.588585
67415.759862
820.765925
0.000000
3714.653176
960432.307120
4232.088353
15137.000000
0.000000
0.000000
0.000000
0.000000
3594.187620
0.000000
2249.870908
15238.956562
31542.024746
284843.936950
607219.507726
36709.535735
8.665451
2707.883816
15519.524122
30270.000000
10960.909582
55775.271701
0.000000
23985.420519
30471.551568
731.127747
652.638456
208956.952725
92204.157428
0.000000
877.381227
39.200318
15136.000000
0.000000
0.000000
0.000000
1704.396418
16916.880637
853.902326
0.000000
22088.231684
7250.485412
0.000000
80380.010103
30268.000000
47894.094302
0.000000
1444.461867
18800.167393
7736.363684
0.000000
0.000000
0.000000
165.473650
0.000000
0.000000
0.000000
16413.713292
2116.217553
3259.823330
22203.156891
887.513577
2022.979801
115.440740
49601.171783
21074.205684
0.000000
25040.705443
1046.604817
0.000000
0.000000
45949.447479
15379.476478
17345.879034
7869.247199
28913.866946
13657.845465
62127.200784
79024.136775
45396.000000
11.901809
1266.700716
0.000000
3308.467335
0.000000
8086.642865
26550.319246
1227.353883
0.000000
6562.482366
0.000000
0.000000
0.000000
0.000000
11847.168399
0.000000
0.000000
70539.967613
0.000000
615.794676
0.000000
281.895494
2.500000
0.000000
2440.702161
0.000000
15.189324
0.000000
4673.591730
7833.587756
14.407519
2251.268528
632.847804
0.000000
16300.477381
0.000000
193.466588
0.000000
12496.196158
99.758188
631.402099
66646.870907
21794.624924
0.000000
104.462695
7215.659711
6390.205107
15136.000000
0.000000
28.678048
9023.717846
905.224365
11221.331697
0.000000
9804.993919
0.000000
1058.086123
1.632576
37378.342847
1017.132891
320.172945
1941.190873
48398.764996
558.490922
143837.116343
20182.548690
15472.607533
0.000000
1438.578294
1387.526794
209099.369243
20979.651236
40958.216314
8041.591155
2242.485499
0.000000
0.000000
0.000000
85.724206
24804.773763
60809.568857
1335.175364
15198.018735
61576.654092
64202.796506
0.000000
32195.619729
0.000000
6151.913521
26906.339236
2046.322261
0.000000
0.000000
6.820394
5345.448922
19113.258243
0.000000
30268.000000
129.412874
9515.459161
94.511351
676.030570
0.000000
447.789521
6526.229374
0.000000
0.000000
15136.000000
7706.382278
10142.467833
1727.865938
0.000000
0.000000
291.345180
65054.019793
3611.041408
118658.833132
181840.623030
22173.865222
13968.887061
4188.993951
0.000000
15589.147108
12805.578913
1407.268633
0.000000
0.000000
53184.191659
0.000000
4528.697816
7578.382879
34911.208833
9544.989092
8753.241764
52589.183499
17176.561963
1471.215649
26781.658796
26352.040159
16424.986271
90200.614520
167.605217
2425.145232
0.000000
2182.329295
10958.099984
1135.359669
261681.977291
57396.583590
1346.543179
288.083773
3027.267003
0.000000
1985.977031
75.359021
26770.414579
1381.352367
820.315269
0.000000
30268.000000
4.698520
125293.836797
151640.863841
55437.032127
0.000000
21818.062362
1166.234942
658.139634
3388.787335
95759.927758
0.000000
64731.440748
0.000000
2276.006200
119177.524779
15250.508723
0.000000
262946.711735
0.000000
18928.098598
18536.106225
0.000000
87567.048898
79464.740671
30286.263711
0.000000
45707.151665
42910.549828
10226.289239
56214.548347
17996.305162
340.891037
4395.256470
0.000000
1883.203316
0.000000
2689.589324
59498.310611
0.000000
0.000000
26835.733397
0.000000
0.000000
3521.006094
0.000000
7702.306204
