0.000000
133992.510613
4165.700327
41230.203641
0.000000
0.000000
124327.731788
120309.791277
0.000000
40955.954438
0.000000
2811.940115
0.000000
45800.251691
17.295760
5999.160636
93548.498487
470.673168
85212.364150
5014.171988
35043.967214
4.816667
0.000000
13893.427857
0.000000
0.000000
0.000000
17486.648654
6949.134430
1652.740555
6141.555165
222.498663
61458.904128
123817.632407
8131.469276
5265.777825
0.000000
0.000000
23938.230292
6.940785
341.659497
2279.148405
0.000000
1448.488189
2242.872201
13330.641199
0.000000
8436.525919
557.978711
5382.588158
0.000000
0.000000
4999.952979
11062.123384
179352.877621
1.000000
3708.481088
0.000000
1691.056706
4355.119945
89.620105
1430.857400
0.000000
28611.660605
96.223840
6855.025319
0.000000
25161.090536
45455.594663
0.000000
12984.746411
4010.986175
0.000000
752.051192
0.000000
63962.936602
0.000000
2.366759
48806.375774
0.000000
5990.147815
1710.121253
1669.223175
0.000000
0.000000
148935.699184
0.000000
0.000000
0.000000
0.000000
0.000000
0.000000
5061.735860
0.000000
1934.768010
16457.970280
0.000000
28023.178490
106133.127483
0.000000
0.000000
2057.786197
34611.293116
16258.207221
57371.895921
1745.056576
34325.030379
1423.833444
547.957197
31758.061393
491739.337125
15244.000000
46743.822328
260693.538210
10722.944150
0.000000
73.720144
30486.000000
0.000000
6485.204336
1190.178654
20779.908858
60435.064976
5527.977369
15662.559774
0.000000
51278.891673
0.000000
0.000000
0.000000
47091.575681
96705.220950
0.000000
29972.631657
0.000000
9246.746455
57627.861257
0.000000
19093.424879
30321.218840
26235.499666
14344.022944
2027.363889
1059.803421
49336.455020
557.743245
238.005107
11997.640420
1949.037917
99357.160164
0.000000
1974.212819
0.000000
0.000000
0.000000
15412.633401
0.000000
0.000000
10.778571
29835.630647
1360.782602
22458.823502
0.000000
0.000000
2069.750628
0.000000
89446.462306
489876.205463
2729.615881
12401.282519
0.000000
27921.913651
0.000000
0.000000
22034.509161
96870.648662
0.000000
63678.069418
5582.556732
25285.963886
0.000000
812.472519
0.000000
2077.110032
47560.852231
18384.217238
46148.965327
90491.053606
0.000000
0.000000
14442.092669
0.000000
34257.120890
0.000000
202.679634
0.000000
0.000000
105.500066
489.704988
18071.874505
0.000000
15244.000000
33.683469
833.677801
49694.815322
0.000000
2871.092824
0.000000
518.804906
102778.335140
0.000000
9810.521782
276344.989441
168683.031130
15244.000000
0.000000
46562.036823
7567.646411
16151.679357
7424.444512
0.000000
346700.565946
2683.825336
4999.726808
0.000000
30527.618067
44078.820374
102.608287
3410.402331
0.000000
30521.505581
116.853709
21311.647375
497.451989
15244.000000
3543.034500
0.000000
0.000000
2424.601723
30486.000000
10192.345744
2163.903424
0.000000
13061.737439
294821.537484
0.000000
5763.501694
0.000000
0.000000
1084.487694
12.570089
24687.973809
411.420358
25345.794138
7.288889
15799.328698
0.000000
19769.222651
4884.068500
44586.976125
7228.409586
0.000000
0.000000
0.000000
76.324517
0.000000
41131.392913
0.000000
17062.607300
0.000000
0.000000
57479.848804
4043.320313
3052.702514
0.000000
5261.724513
0.000000
29917.035822
198.172879
777.991921
315.669809
4.211336
37893.858016
54862.174514
15244.000000
71543.036533
1855.623709
51280.236685
0.000000
8811.746194
551169.274591
120134.075249
0.000000
0.000000
2527.679272
9637.439305
96902.805150
2400.953896
0.000000
96830.020164
4691.706783
955.501284
36355.505014
8591.286930
0.000000
15244.000000
32255.236469
3006.748292
36680.546929
15244.000000
0.000000
156.326061
5611.170505
144147.926741
14518.801617
20037.671768
361.976379
0.000000
8800.890750
41238.370941
220.105717
18153.884418
4.863212
78.640145
2479.591612
227.506648
26393.365531
0.000000
458.144063
5774.217877
0.000000
0.000000
0.000000
0.000000
0.000000
23253.696175
2170.786846
30351.660569
15244.000000
0.000000
33.088118
31703.193620
4797.460077
520.249826
57519.960281
0.000000
30549.131992
154.440711
15244.000000
1804.408453
15244.000000
0.000000
0.000000
0.000000
0.000000
15244.000000
0.000000
0.000000
120142.035998
0.000000
3231.790221
52140.024046
0.000000
1469.791865
7923.189065
0.000000
3929.204065
34982.295597
28260.966114
45819.126558
23884.551011
0.000000
58140.509788
82.492218
108524.230083
52622.576528
13203.285180
0.000000
119940.153185
16180.929867
234199.737924
198188.775997
631.520090
781.201680
0.000000
45362.042839
0.000000
1059.837020
0.000000
336.618972
8.713832
0.000000
6341.353950
26823.957295
96.697256
0.000000
705.838254
114.203090
11525.983338
29315.560077
18046.675563
0.000000
369.270774
0.000000
0.000000
1820.815346
92319.903046
24999.862270
321.459758
43568.808386
1472.807431
63.936591
1560.588629
606.209864
47234.806176
17777.777582
2286.344980
2.483781
120165.987175
0.000000
4199.536167
161419.885992
3404.920371
0.000000
1685.853307
0.000000
42211.179127
27038.197662
0.000000
52095.240988
0.000000
0.000000
34419.136433
131972.370927
201.506672
0.000000
16082.271678
1527.102274
29210.029062
288.255963
109507.848383
43.257695
521.142838
20160.227723
16730.291910
1068.814915
632.188365
6482.619286
274.908881
11557.636279
0.000000
8288.101038
18885.946477
12.038291
63058.423311
0.000000
0.000000
0.000000
0.000000
0.000000
15244.000000
1166.780373
34605.475200
4142.563867
90217.536746
3508.797775
0.000000
892.790513
4760.632646
26904.066725
0.000000
33506.517410
202.606194
34062.007047
37896.692412
745.982515
83.257888
15507.628096
723.351173
311.158370
1054.824411
0.000000
74561.961015
22543.921928
68644.902077
73.498816
4426.308214
31097.227259
51100.881078
0.000000
0.000000
0.000000
7480.978702
0.000000
3786.099343
0.000000
16361.188566
0.000000
22158.338684
70.782054
5059.867753
35121.553621
31245.686130
391.420096
2937.749888
12817.365896
6918.239974
0.000000
50479.847540
0.000000
0.000000
0.000000
1107.921736
22592.757732
37054.661597
17586.432214
0.000000
56211.862763
21680.850459
2261.014317
24927.301079
55950.658554
11534.390078
0.000000
1116717.862212
11022.575372
0.000000
1407.531423
0.000000
0.000000
0.000000
2226.049263
0.000000
0.000000
256.586993
1326.446485
0.000000
33428.672151
13043.382548
14848.760279
58972.637289
5012.202999
0.000000
608119.184893
0.000000
0.000000
4.716410
95.995637
0.000000
398.704621
179631.286443
0.000000
0.000000
26572.897625
0.000000
0.000000
0.000000
0.000000
3500.011072
13659.016422
15920.281449
0.000000
13805.558417
555.909406
0.000000
0.000000
80085.631905
485.777330
0.000000
1363.947761
24.418422
14910.700225
13061.104042
21858.289886
6.663964
778.783946
15524.593803
0.000000
0.000000
0.000000
0.000000
0.000000
4349.765667
2841.994398
3871.150292
242.137678
0.000000
0.000000
0.000000
0.000000
15244.000000
10184.760518
0.000000
0.000000
56931.774259
1246.817982
48.480319
0.000000
10278.719563
126043.451261
82766.497754
15885.346213
152561.629843
0.666667
0.000000
521.890952
551.632327
10485.242925
106.129207
9824.519734
0.000000
22128.283585
126425.846886
58495.089081
8.676812
38216.371621
0.000000
5419.824566
20931.313435
8335.312422
0.000000
0.000000
0.000000
466.880177
0.000000
5526.673571
0.000000
20618.974332
18847.531025
215.205953
190164.664194
168.538245
13614.027379
68102.472882
54706.112445
41165.428078
0.000000
31.917101
192.894145
3446.982073
9689.761500
33936.322780
955.386668
10541.308561
3823.770486
683000.121544
18606.893158
85638.606243
237.830219
3748.689745
15321.286548
31676.414884
17108.091478
0.000000
29418.604421
487.501013
0.000000
0.000000
0.000000
28171.808914
31896.109933
810.653019
30486.000000
0.000000
103.504104
0.000000
4232.241243
126734.739428
1876.514867
0.000000
255.754423
63640.164709
591.171492
7519.275612
126351.410777
5476.987340
0.000000
0.000000
0.000000
9353.087867
0.000000
135.886907
758.595988
42856.913460
2.666667
19378.608013
33954.684326
0.000000
27079.270410
1912.743353
0.000000
59836.134249
0.000000
0.000000
5318.205705
0.000000
0.000000
568.982029
0.000000
0.000000
76279.236466
0.000000
29279.275119
3846.500056
112243.996843
975.942301
41266.713207
32.120624
106872.281718
30911.731588
77609.714893
69663.699615
932.641902
12515.039152
0.000000
1379.404732
0.000000
0.000000
110279.936668
23196.182305
4102.424232
32875.069560
0.000000
6687.725206
0.000000
25874.740668
4425.978860
28.497264
2478.203221
8616.396063
0.000000
0.000000
15290.967693
50776.723274
0.000000
602.401571
68341.575232
715.442087
17980.148380
9990.083117
0.000000
2119.757582
20.202864
57751.197674
22594.361031
0.000000
2535.736935
21339.739449
40001.160845
0.000000
2504.746974
2414.083033
0.000000
0.000000
0.000000
15244.000000
0.000000
17999.763921
21574.870418
16671.509052
15981.420477
0.000000
0.000000
224052.712184
30486.000000
17587.144882
561184.629328
0.000000
0.000000
5876.430171
0.000000
15837.954068
19.231654
0.000000
3027.782771
3986.265762
1590.217810
5763.497116
12244.644432
1390.686630
5502.756662
0.000000
0.000000
0.000000
0.000000
19482.713974
397.314948
1804.308369
1130.571281
0.000000
0.000000
0.000000
43550.444561
6260.615040
34708.690104
15244.000000
0.000000
0.000000
22773.102701
8256.909033
0.000000
0.000000
839.324420
28548.811976
0.000000
904.183874
17095.729016
2.000000
0.000000
97.531258
12017.890585
0.000000
0.000000
25999.605313
0.000000
40311.569276
6976.324204
40594.939870
0.000000
442.632895
15244.000000
4012.365285
49.737708
0.000000
2644.538590
0.000000
0.000000
35741.167273
16803.659257
12305.015541
17419.379326
230.675062
108.457645
14298.078720
0.000000
0.000000
0.000000
23392.833020
5211.601207
15314.213672
5306.497146
0.000000
71817.643833
66966.643491
1737.541156
69503.531058
4537.260144
27857.443023
6998.054991
0.000000
0.000000
6444.943221
442.917827
0.000000
6517.428398
3388.814814
0.000000
0.000000
34895.892991
0.000000
184368.808959
0.000000
643.539532
8415.520271
16564.933163
52111.423188
29640.447953
14493.561149
30484.000000
0.000000
12184.966477
0.000000
0.000000
53003.491470
8.376174
475.115269
11039.922135
2171.956681
0.000000
59152.448507
30484.000000
49825.865107
5932.761626
17743.946920
4218.788625
521.711242
399.570889
39618.147055
12212.931828
47802.149564
0.000000
533942.086023
0.000000
0.000000
54513.099746
21195.415077
0.000000
285559.969509
303367.074473
16877.402110
83956.466510
15244.000000
3604.039520
25198.158622
54743.336184
15244.000000
0.000000
28642.321119
431.147628
0.000000
0.000000
3094.241395
0.000000
2167.966144
57.822516
0.000000
98569.236512
0.000000
8.034676
20660.106019
51162.020645
0.000000
21.597232
712.041998
111216.350280
18635.050306
19745.115051
0.000000
3887.487948
14150.128547
41901.767042
0.000000
23139.530039
199659.177260
22.814622
83722.128492
31302.207243
12512.431998
37695.416104
0.000000
0.000000
3344.206779
5400.717265
0.000000
752.216258
6406.757343
0.000000
0.000000
0.000000
0.000000
37622.115639
147703.757048
0.000000
3568.259896
30486.000000
21237.557261
0.000000
0.000000
188225.671985
26341.579894
24237.611339
11011.818779
0.000000
0.000000
0.000000
15244.000000
33.913282
0.000000
12662.130073
0.000000
12907.586015
0.000000
24681.308895
18722.714486
3390.262926
0.000000
20072.686204
0.000000
30484.000000
0.000000
24476.601710
340.093193
63229.907827
15455.840390
27204.169974
446334.405799
1428.519643
0.000000
90819.115638
90783.320487
741.843123
0.000000
0.000000
0.000000
9.248083
0.000000
530.801057
54821.236699
367243.089542
10715.513400
15244.000000
110356.928921
17.644604
0.000000
225.381998
318888.053827
3162.969145
715.514956
47410.419067
87734.351382
8881.076465
189788.015403
4913.191313
0.000000
5311.104648
16012.249496
88710.806092
80058.010369
7.936847
10243.395325
19521.118822
0.000000
0.000000
64.442587
0.000000
56119.775236
203.045228
119.314525
8911.760885
2645.475289
0.000000
47064.560055
1763.827714
0.000000
0.000000
8582.195364
0.000000
0.000000
0.000000
39781.774205
517.137825
32404.471199
0.000000
3372.057714
0.000000
0.000000
6.345538
2443.416583
0.000000
30750.598248
22558.047058
16537.433902
0.000000
438.282854
4931.490221
94918.023753
577.084768
155876.759776
3724.355973
15244.000000
16418.958960
0.000000
873.688445
15244.000000
710.998346
46236.109839
22015.077184
27980.157724
91527.204517
0.000000
0.000000
0.000000
0.000000
0.000000
9328.941042
1945.426369
0.000000
38555.607244
0.000000
0.000000
324.629665
0.000000
0.000000
19875.597643
1094.159544
0.000000
0.000000
6024.934066
31434.300460
47003.376325
568.475121
0.000000
6091.438602
309.331067
15244.000000
6018.051193
0.000000
0.000000
32484.076313
1021.382812
0.000000
0.000000
15335.537719
11496.348752
0.000000
4845.521555
7344.007190
89277.846232
2440.928642
392.125900
397.910610
79.469676
0.000000
133.816074
912.188801
402.067890
0.000000
9441.767579
6575.839647
11624.708856
391.154349
32670.586135
0.000000
15244.000000
0.000000
2236.663359
23585.402937
310.031326
25742.673057
22068.073143
36997.853514
427.025522
110951.724474
7600.623007
0.000000
51.197482
32501.140976
193509.778622
0.000000
0.000000
16992.888306
44585.403483
51.150982
0.000000
0.000000
0.000000
70038.640366
2893.627674
105.797582
9530.809735
211102.833071
0.000000
0.000000
565.376491
8.998278
19675.742817
0.000000
8598.704052
45233.390798
15768.948978
0.000000
1820.773250
0.000000
0.000000
37495.680750
4381.501594
21648.301909
2.903813
39618.417776
0.000000
0.911746
15244.000000
0.000000
0.000000
43635.548326
41.744707
1995.916616
0.000000
42636.427493
538.502092
214131.988230
0.000000
0.000000
11783.800959
0.000000
6474.895188
82.594043
5344.111059
0.000000
3191.591713
681.739629
0.000000
15244.000000
18481.241063
0.000000
0.000000
0.000000
0.000000
0.000000
532.873413
75.190634
3944.403023
2272.023044
4966.842691
0.000000
1574.520710
0.000000
44876.701484
3043.900536
61.215512
1734.239958
59.046814
8761.674994
9377.038026
45.299791
0.000000
18889.920885
0.000000
0.000000
117276.816973
7980.182215
114166.502388
204159.205024
8230.734314
24162.739266
34283.608428
18031.501915
0.000000
4456.198601
40363.666346
232846.469173
2579.315822
6978.661501
51908.346447
2611.195282
0.000000
10628.748661
483.336474
17386.024245
17570.102508
249.686317
0.000000
0.000000
6235.501724
4612.750330
0.000000
2708.270981
0.000000
2.197274
8512.748462
679996.936721
22526.756628
0.000000
70967.076423
8889.478954
12078.226737
0.000000
0.000000
119255.091956
0.000000
1585.308854
5944.727845
69410.899472
28995.363017
34747.337489
122497.744826
0.000000
15244.000000
61.292461
0.000000
5182.222207
349192.386136
12749.998647
0.000000
1278.653017
153033.199725
0.000000
969.399115
163.472856
0.000000
174416.081956
130850.311846
17331.847081
0.000000
63778.274112
2823.123744
0.000000
6666.061306
15471.315188
42.865225
54.537537
350.159049
81050.405976
6690.799967
0.000000
0.000000
464.878277
1101.108364
0.000000
0.000000
330528.464953
2883.017310
0.000000
8061.443508
2976.947369
62177.979987
25812.858680
0.000000
0.000000
0.000000
36941.535012
0.000000
486075.719374
0.000000
15253.049498
2.833333
273903.706327
672.347806
0.000000
1954.148641
1445.523323
2045.042297
0.000000
0.000000
0.000000
44146.507351
2699.142081
2865.019097
88201.080911
27941.316416
0.000000
0.000000
2099.282080
0.000000
313419.208543
40.312618
0.000000
1.081548
3747.548922
25294.565075
8.587418
17887.077656
0.000000
0.000000
221.401239
25848.073117
33105.429880
5945.426342
535082.973101
133298.643437
199648.319445
2022.486146
8273.549961
2152.115464
12019.363064
70672.613165
0.000000
3103.932192
0.000000
746.135437
0.000000
19.109282
17950.295832
0.000000
0.000000
0.000000
0.000000
2217.941088
0.000000
0.000000
1.006038
0.000000
71992.594492
13283.965007
15244.000000
0.000000
1412623.818025
6291.853020
0.000000
136.985038
949.398882
223548.636498
932.274346
4531.331757
271071.855428
1851.517279
29129.978130
0.000000
11446.716698
1524.933367
508.029982
54735.868825
0.000000
8614.215783
188.977654
0.000000
19884.722179
502.317335
0.000000
10522.978536
15.169552
56545.407770
4475.513603
0.000000
16499.846088
237.571651
35553.197241
4225.151300
1670.715646
19152.639157
57821.249429
0.000000
0.000000
3866.427832
9656.395795
0.000000
15244.000000
138.036403
15244.000000
0.000000
5.382564
30.503792
0.000000
19815.585946
1728.833943
33603.850146
77823.025178
2.074136
0.000000
15244.000000
963.881218
0.000000
3353.861363
0.000000
20479.250848
0.000000
10045.785708
0.000000
0.000000
10167.060401
0.000000
5894.263478
7702.918888
0.000000
43145.217207
15235.543224
941.521463
22967.160279
9.536508
606.089304
14807.058161
7365.676689
11947.458256
206.758462
2.683644
21679.779486
139.181427
20214.897839
0.000000
14872.094235
0.000000
0.000000
308498.362062
0.000000
393452.824136
1.200000
10.059141
16694.477339
3216.274508
2412.158935
4541.600259
28787.762238
0.000000
0.000000
11688.701801
0.000000
13.384177
0.000000
0.000000
1692.527809
0.000000
14037.798590
0.000000
0.000000
30484.000000
195.250887
47123.507796
0.000000
198039.986147
0.000000
0.000000
90.583545
935.936430
0.000000
2477.411257
31656.888330
18465.791752
80682.187609
49780.984212
18536.220486
1322.847715
19156.725080
193.606543
18026.594485
32183.329099
0.000000
232056.970852
15244.000000
17419.938623
238293.915042
2081.016621
150.384431
993.409225
0.000000
0.000000
0.000000
17704.587228
0.000000
0.000000
55999.708408
286.526841
4125.905848
9298.714720
0.000000
12187.800374
408.706068
20.961887
38508.038312
36921.812812
30486.000000
8101.290398
45288.185745
301.180540
24348.051045
21965.201327
4724.596732
17349.975247
14.148517
1461.764286
45828.193235
0.000000
0.000000
19.160323
31791.228327
71932.618694
2021.471569
53127.037336
60828.068364
12674.762147
15244.000000
0.000000
39263.384837
0.000000
93825.087092
28839.042734
61123.756192
5487.096815
2531.008799
5206.852761
92145.259135
2307.862398
0.000000
1455.582532
82449.445900
0.000000
4285.382754
0.000000
18217.520587
581.362282
75.050281
32834.888360
2929.453660
0.000000
0.000000
12503.337292
2526.239755
14676.295841
19146.825242
0.000000
0.000000
2760.807319
0.000000
59.488964
238.023316
20764.173633
48103.108209
0.000000
0.000000
0.000000
15244.000000
34.703605
0.000000
19871.606824
0.000000
452.581737
27300.403997
0.000000
0.000000
14991.894249
12387.404747
27638.275256
3.333333
120.853635
0.000000
12.038291
0.000000
17210.282518
64.283093
18576.319791
15244.000000
145871.595944
87138.379004
1038.372055
3746.247850
81828.183332
29898.388717
31110.964695
0.000000
649474.068398
0.000000
0.000000
68894.552178
23429.188433
0.000000
31698.376379
15432.567732
20174.290134
67858.961612
12044.082917
7048.001216
1107.267671
0.000000
5528.160436
6204.189592
1424.994035
1739.181921
18976.125077
15376.555385
182.115711
54097.245868
0.000000
18517.269643
66242.567792
50246.935118
1383.004320
103891.206722
16258.103032
10230.319108
2335.087114
437.776975
29137.042587
10285.666890
7.437643
119.166222
535.149146
0.000000
0.000000
20894.328673
49850.656245
0.000000
0.000000
1529.996846
9.603410
23149.435059
25.824932
183040.892065
1702.047901
722.279687
281.952256
0.000000
5008.622462
60289.018247
457.738032
519.854525
168251.032503
15248.000000
0.000000
527998.495720
30480.985044
0.000000
72505.649908
1566.303349
0.000000
0.000000
98333.530285
20035.866450
22324.166249
0.000000
1.166667
856431.163965
0.000000
130147.585623
1664.395943
77333.187343
16341.728447
243.477038
0.000000
0.000000
802740.270595
10216.393153
0.000000
845.915759
0.000000
0.000000
19232.909532
5468.527524
344802.252248
0.000000
0.000000
0.000000
22552.834394
3104.558001
15244.000000
8271.808187
2925.238045
478.858009
51.765443
2935.210898
4010.806486
20.835476
112.454481
213727.723417
0.000000
3102.389047
222774.150598
38280.725149
0.000000
3197.224865
2339.917617
2064.446206
0.000000
306.860257
0.000000
0.000000
92903.846752
0.000000
0.000000
92419.968664
843.853127
7918.357174
14628.492647
48278.321574
38240.645986
15244.000000
176075.776793
3.961707
12787.901457
1566.252194
0.000000
78256.747834
0.000000
187.277867
154780.721748
0.000000
0.000000
0.000000
9264.883501
0.000000
46.484360
0.000000
0.000000
43596.778589
26449.010070
26129.465306
64.858095
0.000000
1895.148431
48431.962118
211.683216
2273.091704
3004.324498
1320.525328
38.261819
0.000000
15244.000000
0.000000
92687.287041
0.000000
65319.457695
627.571077
0.000000
74896.948305
0.000000
862.116619
2514.088330
62487.103124
545.960422
64976.769683
0.000000
482.198531
0.000000
0.000000
837088.229315
42920.524018
36425.053788
1575406.011642
51992.012897
0.000000
34141.227369
579646.240608
1237.359569
16773.634679
0.000000
0.000000
29721.344188
0.000000
6548.573623
0.000000
156886.340066
115.117365
0.000000
0.000000
398578.983246
0.000000
15343.985798
0.000000
0.000000
46943.630410
17002.644517
0.000000
3362.452405
15767.006273
0.000000
0.000000
20513.979544
15244.000000
0.000000
0.000000
131.228699
285.898359
99569.964656
53272.386863
0.000000
1673.990638
111282.196007
56906.522496
0.000000
21995.193465
45386.594000
2635.034561
0.000000
0.000000
15092.881210
170.441842
241.668194
861.454323
23255.615093
0.000000
93785.672654
515285.141232
273076.914354
3994.057620
466.134699
18495.854897
21804.030299
297.471916
72010.442660
91404.000000
1524.836412
85514.902518
115.568651
15380.596583
1003.016041
173.742075
0.000000
0.000000
446.443717
9670.550771
11.047751
0.000000
305.082014
4564.296295
11084.028333
46823.317497
0.000000
368649.180421
2641.428692
23096.194110
42815.365122
143192.315428
84.278435
227.842793
83847.951684
9.848317
2480.281840
30486.000000
0.000000
58202.543217
0.000000
0.000000
8914.641083
104325.287965
1141.242613
21209.808609
329.005918
0.000000
1879.938565
824515.817784
27084.896774
24085.924883
6349.108961
15244.000000
101321.152168
33087.028179
17163.488235
128526.732324
10878.653201
222.276362
0.000000
877.888169
908.213120
17173.906091
0.000000
0.000000
0.000000
194.448131
0.000000
25911.310798
39217.107431
1832.363825
21824.510090
49105.246664
18330.888811
0.000000
255.483725
1242.080091
0.000000
0.000000
0.000000
62103.415082
0.000000
0.000000
135134.173903
181109.261198
1236.088734
12652.853255
6139.038784
649519.434884
15788.627610
0.000000
1576.951304
225858.720432
59772.315284
1937.203009
24540.298051
208545.877514
41419.402542
183314.460009
692.195934
0.000000
15244.000000
0.000000
36451.843523
445.600644
3902.985217
0.000000
200547.091818
0.000000
52270.859993
0.000000
5725.166129
775.845894
0.000000
182164.819454
16040.278150
0.000000
4080.665593
1.271567
30636.930091
0.000000
1.066667
4133.872850
15244.000000
75822.892700
774.056565
682.325863
0.000000
0.000000
0.000000
8464.850484
1936.425877
0.000000
11823.788444
0.000000
0.000000
2375.666830
143752.333493
105.524299
15.290709
36872.316852
0.000000
15244.419913
193.219239
1200.661796
22857.000000
45343.494669
0.000000
0.000000
679.176248
1147.766957
0.000000
60402.181317
0.000000
0.000000
38946.413695
12237.533912
4766.812776
312.308772
27635.846703
0.000000
0.000000
22383.129118
0.000000
4493.834910
116277.861805
73624.533141
261.541557
28469.771782
3587.483593
62832.591141
280503.867178
32269.158677
582.188914
118810.059840
66807.533503
0.000000
1235.103942
0.000000
74882.471751
107953.020660
14840.220303
35903.249007
0.000000
0.000000
16527.306944
0.000000
11690.563502
7952.833426
0.000000
39554.160075
296.393773
0.000000
3647.537753
56.377062
19837.437488
7504.018046
0.000000
44770.096384
0.000000
15244.000000
61719.837718
5509.926881
30484.000000
0.000000
0.000000
15244.000000
117267.973023
320.673378
150362.636503
1711.014406
16257.510147
0.000000
2145.100658
928.863010
0.000000
1593.571017
11295.588171
16593.437059
16862.767971
0.000000
396.447777
0.000000
24343.241103
42949.204965
217.042489
1655.014180
0.000000
22149.743738
144.557261
0.000000
2397.411271
5504.029911
0.000000
186562.986945
0.000000
11242.468406
3425.239537
733.090232
438.987123
15244.000000
1813.420120
143466.517887
0.000000
124.975218
59043.033095
38811.784273
210498.656592
211.088647
0.000000
1319.385917
0.000000
266.922758
320.897233
0.000000
6154.606486
1644.797782
0.000000
2542.747131
3243.637081
109.730409
7896.423814
0.000000
1171.177727
0.000000
0.000000
0.000000
0.000000
55656.077392
1009.923671
0.000000
1100.610012
0.000000
204939.727832
1226.376405
19918.312527
15244.000000
14913.528845
6489.031645
142355.117049
3049.578722
21.580288
0.000000
90857.314856
0.000000
3340.324676
0.000000
0.000000
155.670743
1137.583447
0.000000
279588.450441
13882.707798
103162.704112
71867.036067
641.289210
144348.077340
25268.064749
0.000000
0.000000
39872.050798
11527.949984
64180.673391
0.000000
0.000000
7806.470126
2619.719773
498.313260
37273.504426
86365.375384
35914.428759
122739.661408
0.000000
22952.425717
46235.723076
318.138340
0.000000
0.000000
0.000000
260.663612
0.000000
169027.016473
10942.933878
0.000000
0.000000
973.027047
0.000000
818.935105
21206.214792
9823.933477
0.000000
63517.574042
0.000000
5778.182399
37351.359509
3692.331247
627.677379
123513.800016
3610.896894
15244.000000
3690.673395
91348.723195
16407.140842
15492.082073
35056.986477
76612.119667
47298.211024
37405.726570
12753.143927
0.000000
18025.826463
15366.608144
55089.844552
0.000000
725.655589
55347.344200
12233.982565
42193.268765
54749.197867
6567.167670
0.000000
0.000000
0.000000
835.423025
42146.760193
0.000000
0.000000
22750.628917
33596.929970
0.000000
0.000000
0.000000
4757.815335
1235.535469
0.000000
1103.662355
0.000000
0.000000
0.000000
0.000000
546476.424048
0.000000
0.000000
5406.207936
76616.157887
19060.307758
21503.076378
34905.506677
15525.536957
32158.094747
31347.152528
24400.949445
11520.427361
2080.334674
0.000000
19207.687111
0.000000
0.000000
7006.361168
319.928189
256.050669
0.000000
89900.001389
42.570018
15244.000000
28173.429007
15244.000000
3378.365139
213.404687
0.000000
46284.123580
199892.995154
4852.764794
5986.719087
268.062776
0.000000
239520.097972
1272.516817
44757.755910
0.000000
3188.840192
0.000000
9089.372815
1653.265311
0.000000
1061.718626
5138.310106
16559.621201
34.873697
0.000000
364.998101
41179.705849
0.000000
0.000000
0.000000
0.000000
14633.798586
1201.348614
0.000000
3727.119271
301115.602682
9335.665567
0.000000
0.000000
0.000000
0.000000
15375.068933
0.000000
315.182986
56025.387112
78817.152577
16677.757327
0.000000
0.000000
1291.536612
90024.201723
1057.842511
2100.967068
89.059994
1123.815886
63.588553
0.000000
0.000000
0.000000
1231.224124
0.000000
2442.250411
10061.036192
9259.154971
14489.146005
1984.589992
0.000000
14061.476263
161.514632
17164.040730
0.000000
0.000000
39608.130605
21839.587780
9715.751026
42985.041241
0.000000
0.000000
32152.586425
0.000000
18349.683369
228.429569
0.000000
452326.889454
0.000000
0.000000
15294.955138
12780.498880
0.000000
0.000000
4537.686071
9614.740399
0.000000
53357.994208
2.000000
14965.259672
1445.284507
1790.429831
0.000000
0.000000
4707.863064
0.000000
14502.157846
707.799583
533.040909
1031.392406
0.000000
175274.458317
0.000000
0.000000
0.000000
0.000000
72688.914510
0.000000
32640.139864
65273.247061
26325.318513
9.482756
33766.812505
1369.046301
0.000000
0.000000
55413.676448
7127.241844
0.000000
0.000000
3368.362173
41106.216478
13317.417096
0.000000
30031.143683
7342.069036
128431.000394
44302.455610
0.000000
33493.229128
160927.352340
117174.036596
0.000000
0.000000
0.000000
0.000000
3144.610099
0.000000
787.007082
88819.161787
0.000000
12578.847562
15244.000000
54.990932
68.913780
1329.017216
1303.219948
0.000000
19306.406583
0.000000
0.000000
3773.289024
22291.990900
38746.706330
120405.281820
3205.259955
461.694557
2235.797917
9319.162573
16155.766039
46929.623962
1565.582390
372763.225290
0.000000
85594.628106
346.170205
0.000000
1549.936875
79125.700449
179.956614
33551.985824
0.000000
0.000000
4650.199624
2252.392752
2431.646929
90.915421
0.000000
0.000000
25553.273477
5606.364614
27.146854
198.205512
1221.501110
45856.569251
0.000000
0.000000
2335.963771
15244.000000
30484.000000
3133.925227
19455.392168
24865.773387
0.000000
0.000000
7712.822360
110517.816704
0.000000
4055.201279
0.000000
0.000000
0.000000
0.000000
917.565698
0.000000
2993.301092
0.000000
3689.055503
63484.716231
0.000000
367999.016275
49.738264
2859.031383
411342.024168
17522.794957
27438.726565
12226.397427
374.672531
15244.000000
53.176752
15244.000000
295.402583
562.344704
9.916817
8660.294336
20.288376
0.000000
22.597072
127153.313688
0.000000
0.000000
0.000000
18392.547097
0.000000
12283.638635
0.000000
0.000000
30415.744679
100219.348973
17417.673979
0.000000
39968.681674
17977.683539
0.000000
120498.967621
7206.164729
0.000000
561.610507
15244.000000
2330.668764
1774727.126521
19271.101042
30523.472858
3491.290508
5818.384555
50100.401249
3191.493993
3466.387338
1060.346097
152.320368
396.929938
5479.028673
1147.481332
34671.088692
11523.396555
0.000000
23.424657
0.000000
1010.255911
11522.145617
3772.598883
2884.202278
49372.359655
0.000000
39.901690
74576.553986
15244.000000
5785.815492
74.618462
0.000000
8410.160956
25267.125629
0.000000
30486.000000
1186.767230
0.000000
8724.308138
0.000000
27241.877512
306.872550
4.128065
15760.536538
11629.290205
0.000000
0.000000
0.000000
633.213777
54204.841296
0.000000
157.988373
74131.920401
1545.355146
860.385019
0.000000
6663.481783
0.000000
116024.179851
0.000000
0.000000
32027.520779
943.712972
32074.696018
16544.493218
0.000000
9.009739
0.000000
10516.498478
15341.740089
120.459261
3635.847404
20061.629298
0.000000
0.000000
38598.432342
0.000000
0.000000
16926.792789
370.593641
29399.917683
62009.071021
0.000000
85173.880149
0.000000
8018.494148
15244.000000
0.000000
1081.982901
6077.542187
0.000000
26828.263681
1755179.300993
0.000000
0.000000
16798.147756
16.659925
9119.921636
134.702910
8870.916444
771.218502
36006.727422
15244.000000
0.000000
0.000000
745.842825
10708.938493
221293.712116
19102.827998
136080.276988
15379.654477
44.144615
0.000000
15244.000000
448.264001
191.569167
250590.434908
0.000000
71364.429441
0.000000
460.441328
10707.230443
1687.689740
33929.357549
0.000000
0.000000
1857.169208
0.000000
0.000000
212052.155114
5.704084
72925.919164
753.998018
7532.101914
0.000000
22924.115321
52482.769810
77631.974525
19172.391884
27607.533287
4613.045754
54.802920
2419.654571
0.000000
0.000000
1.250980
44.673030
0.000000
0.000000
0.000000
7535.441774
5292.821473
775.131401
0.000000
0.000000
3410.777926
0.000000
0.000000
6525.960931
78.633065
48.369128
3012.360595
34168.948117
0.000000
26403.466751
31333.582703
2161.757211
0.000000
6348.896307
0.000000
0.000000
0.000000
5598.634814
0.000000
0.000000
0.000000
14.073114
337.434754
0.000000
1592.115095
0.000000
599.439603
173.021412
135499.641452
15250.800000
24870.612694
186577.624479
24104.917061
0.000000
0.000000
5781.503304
9593.251050
1044.713705
0.000000
0.000000
11189.555312
0.000000
149816.050507
1314.114291
888136.886649
33535.066819
230.298408
32740.786785
109705.649395
0.000000
279156.866496
0.000000
0.000000
0.000000
0.000000
0.000000
26383.597572
0.000000
19.145314
0.000000
33417.051865
1143.725935
17895.763983
0.000000
554.711936
0.000000
1257.905505
204868.464176
3586.339576
6.966374
443.289644
40688.636271
0.000000
0.000000
12069.555749
11585.819579
0.000000
0.000000
13320.475747
95499.114533
0.000000
62182.993453
136416.529064
29995.665431
5690.122520
0.000000
5190.598995
39986.094816
46979.578476
135.905330
1188.621912
7225.314485
30830.784015
2348.267682
37140.268296
15603.723207
23080.318734
0.000000
20230.268197
0.000000
34938.452592
0.000000
3481.537811
0.000000
0.000000
16.841986
1114.580956
0.000000
0.000000
397.946713
3070.038108
2588.263761
70916.492378
17454.473745
6284.855898
0.000000
0.000000
0.000000
24340.448462
33865.520157
7146.412596
0.000000
6703.485330
3255.933674
15845.094354
25469.626638
0.500000
45419.969279
2513.893313
349.357315
0.000000
223.668494
0.000000
0.000000
154.193038
332828.952652
5315.687950
44218.134550
0.000000
4179.623577
5645.666993
959.811174
171245.023645
0.000000
18290.421506
7667.751805
66820.966321
1894.854343
310.631194
4803.816354
30484.000000
17318.151459
0.000000
152152.778651
0.000000
31518.910811
4022.357214
18215.680281
22857.000000
0.000000
15998.346084
0.000000
0.000000
206.987968
45720.000000
201.953046
0.000000
503.510889
26284.180734
25211.734239
8204.080382
15356.175541
40143.600259
8.667858
0.000000
44521.497532
15244.000000
26363.328404
2682.653474
0.000000
10515.902611
52130.906434
0.000000
6021.464908
207.395224
47718.835594
122.580170
16960.757749
123.131405
0.000000
0.000000
4506605.364512
2415.267572
0.000000
0.000000
451.725697
0.000000
0.000000
0.000000
5268.735448
9914.250996
74352.699246
82.582534
0.000000
34458.059741
72107.692820
0.000000
19121.680089
16711.124613
11911.645109
0.000000
15930.439797
0.000000
15330.915274
0.000000
21825.092245
5235.580002
41451.678010
10691.941043
15913.352403
0.000000
0.000000
1378.254219
0.000000
15899.242847
0.000000
156405.202697
995.941785
8727.415447
547841.297727
19310.070116
0.000000
43.591187
80601.172070
141060.528369
0.000000
9284.564799
15529.435551
30484.000000
48131.585792
0.000000
191.584581
343.950287
11812.515048
0.000000
85934.484739
0.000000
19046.835240
249.813377
59910.808005
22652.412113
19942.020327
20943.604284
8635.324775
3523.426335
23694.615147
7840.053345
1613.675626
2550.824468
0.000000
0.000000
176.894181
0.000000
18367.848886
0.000000
32165.371978
0.000000
29222.135895
1199.091972
139.088393
5161.681835
0.000000
0.000000
1414.539466
0.000000
18066.210405
47822.245952
4411.369846
2662.995219
12592.900451
67291.571706
12360.464158
0.000000
17.412298
330.332197
28.860545
0.000000
0.000000
16390.985992
5082.082867
23.026427
15244.000000
8522.008319
8.600452
15244.000000
15321.251892
2789.403515
5013.279782
303617.110708
6368.291701
0.000000
2474.802016
17061.090717
60813.385843
35347.393755
121.512286
0.000000
9309.310496
7621.000000
11852.395786
22150.558837
41258.074314
0.000000
19258.179079
15849.758378
3003.626585
7109.916935
77288.651373
0.000000
2727.844738
15244.000000
0.000000
2686.736752
166.616997
2729.666797
238854.215257
15244.926740
0.000000
4140.333027
6203.227606
29946.287767
172061.958144
124240.715605
13981.500537
0.000000
43116.993130
0.000000
2990.345669
5627.629401
1480.087470
0.000000
0.000000
23718.543762
47269.514627
0.000000
0.000000
18397.845067
0.000000
0.000000
2723.660956
18661.854878
13377.135875
0.000000
12143.259341
0.000000
515.256592
0.000000
36656.055954
2288.670453
69216.163991
88940.712763
10845.506412
0.000000
294.945377
0.000000
0.000000
641.315438
1160.080885
0.000000
2080.604672
0.000000
0.000000
15244.000000
0.000000
0.000000
398184.740984
514977.680298
4.725446
0.000000
77284.737944
18720.191858
17545.409332
3723.810836
0.000000
41661.866735
15244.000000
191.778959
0.000000
241.750512
2747.167455
0.000000
0.000000
362.494559
198949.912683
0.000000
0.000000
311.601957
35909.902091
124.749034
16864.248178
0.000000
25525.526400
0.000000
3225.812412
0.000000
0.000000
22.385209
45726.000000
24340.662938
0.000000
339938.421239
7488.814268
9953.486692
0.000000
125032.334901
0.000000
6000.940733
306913.651255
145105.979678
12054.673249
12447.531148
81965.180545
30940.720654
14696.314877
19046.489636
15244.000000
0.000000
1507.187613
15244.000000
47.668045
43765.161498
1632.489318
15725.614940
33499.647146
43224.238775
15244.000000
15244.000000
830.042842
217.886885
0.000000
1937804.125185
0.000000
7949.586233
0.000000
172905.744949
21252.517960
0.000000
10851.205797
0.000000
15219.636968
0.000000
0.000000
0.000000
0.000000
25587.992061
1238.445533
15702.213972
19205.340419
3892.056708
0.000000
74.958824
0.000000
16066.469502
0.000000
105651.064569
5281.870911
2.170370
606644.882852
1524.326589
0.000000
22547.442115
127.298732
590.407638
75884.260574
137130.098990
8178.038885
2252.560940
0.000000
29443.600471
0.000000
15244.000000
0.000000
5196.278521
0.000000
10061.576907
0.000000
544.227782
0.000000
15244.000000
10.036370
4303.267811
1825.809924
3110.331521
16773.337839
13926.638332
169969.702933
7497.448467
24831.190897
25.946054
41549.960146
31444.742107
15244.000000
26048.984418
0.000000
0.000000
0.000000
16342.020199
1239.612440
7392.322713
12437.948789
16024.549193
0.000000
15244.000000
390.310794
0.000000
24.901751
0.000000
0.000000
1028411.867480
5513.786124
2747.247089
107525.234018
5573.454617
15683.576038
0.000000
16600.963782
9499.128755
0.000000
0.000000
4211.378437
0.000000
348.135585
13418.912825
2.410404
38292.569293
134162.903035
8545.451755
296.912427
0.000000
12060.859286
0.000000
2563.481850
90.380715
0.000000
716.780814
20532.333618
0.000000
563849.482788
17060.718704
49357.764429
850.281267
543.559470
5879.208069
726.155185
2684.061038
380.497918
0.000000
0.000000
20478.080148
8617.551694
13662.588208
8720.834981
31250.990188
0.000000
50593.707465
576.173528
0.000000
973.818522
20326.485799
0.000000
0.000000
18772.842272
0.000000
1405.743356
10537.885622
1117.042243
10557.193088
766347.596047
220.728597
0.000000
0.000000
3650.702270
4631.381704
20.139528
21989.251181
0.000000
62624.835970
4.733333
213085.591965
0.000000
907.450978
0.000000
0.000000
1267.193837
0.000000
114377.977606
22080.865331
18061.183263
0.000000
4359.481284
55394.007324
30752.918528
2961.083131
5308.439603
15553.270714
382.189516
2179.165574
56.742519
139.125021
28046.563411
33875.244862
0.000000
0.000000
0.000000
558.415467
0.000000
173137.021204
0.000000
15225.814473
5553.155563
1965.338125
197.028905
4337.943084
3014.251135
0.000000
150.844703
3398.720750
15140.615240
2863.000948
0.000000
11392.204816
0.000000
4920.799772
4257.760088
0.000000
9969.562020
0.000000
15936.781952
2076.769874
58.633230
6412.519799
0.000000
74060.735468
5869.948281
0.000000
559.416693
5996.320401
0.000000
4248.603191
348.383903
30821.807544
26629.721105
23088.255890
6481.672478
215517.930599
6009.034021
0.000000
15244.000000
3.503053
217184.618502
67.625047
51503.529671
321994.298852
0.000000
12367.670994
0.000000
0.000000
377700.601514
11147.300055
0.000000
1683.535130
31925.919722
35493.358951
8557.830237
0.000000
38.736152
17635.846946
1220.087853
334192.963106
53251.072284
0.000000
5229.992484
2640.990533
71657.264435
17.095677
6260.812277
42408.070063
62964.562366
0.000000
15853.272320
0.000000
0.000000
1112.624919
15532.255963
4245.560973
1.379121
13701.869168
271144.656086
3931.781930
0.000000
0.000000
3825.479812
1739.563019
0.000000
2946.539328
16828.525908
0.000000
15577.477221
19.145314
0.000000
34228.086793
31934.254878
3646.538033
0.000000
8989.524977
654.595218
5130.023396
604.116921
440537.391488
23294.577841
0.000000
1983.742796
292.489708
0.000000
3621.223045
0.000000
37755.067097
62128.226826
365.687805
19904.479647
0.000000
150.024251
26080.379030
3663.358752
15551.002985
12190.698798
44193.091757
449002.913586
3702.160045
158.808931
15878.062269
1053.611176
13870.347254
15244.000000
0.000000
41930.032420
1485.159478
126621.257251
10652.348502
15244.000000
36.396058
6903.277914
41045.555877
15273.223753
65.125834
163582.723028
0.000000
3445.649109
0.000000
15244.000000
444.516673
2998.937463
580.998277
14399.775606
8773.058855
162.720805
0.000000
49561.418706
5481.981652
10608.038924
0.000000
5678.221367
15260.504297
15244.000000
74739.032648
0.000000
109773.236925
41748.595469
93.069117
39.595752
0.000000
20986.757142
28854.741181
12633.518607
10644.861538
0.000000
6172.440560
2145888.380017
0.000000
2530.165931
82911.961090
28518.568899
0.000000
0.000000
0.000000
0.000000
28424.522111
1173.508712
55282.534772
49894.328260
37861.392123
0.000000
0.000000
3986.265762
0.000000
11322.139903
73289.944545
157967.847489
1473.097963
25.086205
5529.726836
159.690712
15244.000000
0.000000
0.000000
313.800915
0.000000
0.000000
72269.887825
10183.526563
347.787415
0.000000
0.000000
4807.815200
0.000000
0.000000
0.000000
0.000000
0.000000
8332.087292
5835.056428
0.000000
9950.009222
12497.658614
18781.726367
9226.808717
11215.966529
4209.566658
82.533055
176196.561683
518.558315
260898.142951
0.000000
0.000000
105465.819095
799.091577
118011.937538
423.255179
0.000000
0.000000
899.799886
30152.597394
288.355884
2216.723599
0.000000
2216.282110
610.885628
89900.290013
14175.311043
0.000000
97.501981
6.421663
32.160649
400.016181
7326.975803
80695.711148
2540.303047
2008716.512317
0.000000
0.000000
498.988602
0.000000
3744.484484
23598.747053
6.259931
91164.356370
202.003111
0.000000
0.000000
8144.497622
15477.341594
1918295.560772
0.000000
15244.000000
33414.800552
16777.914613
1948.403685
63535.923698
0.000000
9483.260622
276.849345
8867.304324
61143.560637
567.245920
8603.625775
0.000000
20290.384458
183.926440
13453.583495
0.000000
0.000000
108989.862004
96298.775850
1395.555596
3321.460379
345.972354
209328.895864
1450.658658
489974.577099
51149.239157
1217.764513
20150.572268
16935.673214
0.000000
0.000000
14050.866845
0.000000
1205.680736
8355.176387
170715.957640
0.000000
1233312.484146
44278.067332
0.000000
16906.845003
40443.164863
58281.286519
15244.000000
983.259305
5323.719212
0.000000
34511.522856
8383.093193
105393.993170
584426.880898
372.005705
3816.558719
7454.417949
0.000000
2212.046690
7148.747364
20.892664
0.000000
15586.486121
0.000000
0.000000
1778.796465
100761.276826
27222.008812
20519.247017
63606.431836
188812.990306
36785.973311
21833.667838
87751.427069
0.000000
0.000000
46936.910638
880.508525
1341.704849
0.000000
16779.057674
37870.703354
15244.000000
0.000000
362.151148
0.000000
721.405442
0.000000
93356.761226
41964.741430
882.851262
0.000000
15710.434401
7548.629800
8146.292299
15244.000000
0.000000
3992.149360
53624.497200
43607.294706
14356.668870
1.333333
2353.248417
105725.216921
0.000000
8753.305727
184940.166935
31299.548054
43321.667490
514574.370857
398.258991
70177.585976
0.000000
738.343988
0.000000
11691.509334
0.000000
29826.037964
1903.581076
46120.092325
0.000000
0.000000
145486.877123
5476.871645
0.000000
1278.203989
264192.522985
625.317094
39739.974168
0.000000
9062.410432
0.000000
0.000000
29100.655803
4086.142508
46990.277876
11682.855959
19642.917094
2733.373922
1.816667
169.648422
0.000000
20670.161411
8799.040944
3267.269098
6.912379
123.318459
0.000000
54438.357124
6.596825
21208.742941
2735.973727
15387.623741
0.000000
381.045341
15.564822
51571.298040
373986.320092
18.546113
1076.221231
0.000000
64444.908814
165.804006
10.607350
21005.648163
0.000000
5.212209
14327.212012
0.000000
0.000000
34382.078735
58564.608398
2425.698111
0.000000
251.822330
0.000000
21111.300916
27912.875264
9088.360973
0.000000
4.000000
80200.112017
2889.320097
0.000000
0.000000
0.000000
0.000000
0.000000
3893.760828
15244.000000
0.000000
0.000000
36683.890749
116247.323028
16109.643727
0.000000
0.000000
3849.015683
54.606834
18230.387249
2094.800611
2701.040088
0.000000
4187.296663
18289.002147
0.000000
29153.409070
418625.544494
370.843821
0.000000
4491.101843
123158.575011
27042.525050
59349.830756
43524.719614
73569.254401
52.598284
478.692800
4568.347115
0.000000
14522.926150
0.000000
4517.348806
43997.739805
1408.956265
194.563054
137.782173
0.000000
13996.416067
7712.842562
20662.162059
0.000000
0.000000
49445.098695
0.000000
3926.118100
2113.608981
132.836363
0.000000
1374.922833
113.138854
0.000000
16874.889238
0.000000
0.000000
7053.334963
16404.850708
0.000000
113454.189520
54029.687310
0.000000
42908.703292
8578.721403
0.000000
4034.804220
8111.582705
47873.547432
0.000000
10144.442562
22653.720947
1286.478924
4121.416217
0.000000
98596.139185
0.000000
13466.566767
3612.139855
86137.603179
0.000000
36056.404935
1891.421250
0.000000
0.000000
8278.342198
21451.272862
1106.783663
3295.400341
0.000000
295559.171681
169.180212
274.405557
0.000000
10612.088821
60952.000000
0.000000
76890.878672
7722.371762
2496.934279
719.529703
145040.804070
0.000000
15000.741437
20332.003915
10331.470544
0.000000
16595.055733
49.106829
3190.713567
469.504009
19.676987
1856.730453
300795.013968
0.000000
12.668450
0.000000
0.000000
9864.647988
0.000000
34826.858163
280436.804649
38815.218806
774017.716030
30484.000000
28774.315838
24.789223
102308.472426
3363.332335
186356.280425
29710.525897
0.000000
6.671540
44.530640
0.000000
31321.710721
0.000000
73173.076448
0.000000
0.000000
0.000000
1077809.141158
652.355325
2292.142701
674.005922
78402.941489
1421.763992
5596.854382
125006.128644
10533.300004
9534.776519
946.533669
105.418152
0.000000
0.000000
0.000000
96524.181268
22661.305524
275.959857
27928.157163
0.000000
18.251844
0.000000
9835.138095
4296.588163
7.551437
93433.519908
0.000000
40471.613921
0.000000
0.000000
15244.000000
2995.695135
50977.737730
43011.833155
30443.212458
0.000000
15267.010407
28571.389087
1657.916733
76899.057730
0.000000
0.000000
15244.000000
15244.000000
0.000000
31494.987647
0.000000
83990.973289
266996.034193
783.203219
13755.472792
0.000000
0.000000
192732.913836
1359.997027
11490.876517
15747.397911
0.000000
12.628939
131197.555412
45720.000000
0.000000
2381.684427
8107.966074
8970.949255
178.767660
0.000000
0.000000
0.000000
58007.979710
133.522974
12415.417933
26620.886181
13272.474574
0.000000
152010.019256
16360.200831
3781.706908
114.880176
0.000000
17182.722080
661.121758
6898.307415
40528.608518
12086.740230
3904.900227
4671.984158
1935.010180
158369.840038
1556.382884
218.329842
0.666667
204.066495
51029.576630
15944.297935
15994.877012
130622.693305
1416.786448
11915.320832
6293.485318
0.000000
15244.000000
205.608477
0.000000
118522.268248
0.000000
239073.453899
15329.151255
0.000000
0.000000
91564.615999
3604.090597
15244.000000
169991.767393
18770.948377
1216.071719
96.349876
639.471462
135142.094754
0.000000
17620.069717
163134.954731
12765.642438
1821.450902
18.079875
7154.026570
1283.482159
350400.091241
23611.825700
12385.485676
47556.109108
1264.538735
93.097851
48465.135853
35408.904835
16493.296769
3328.260189
0.000000
454.804162
18414.318878
42786.206184
1347.296439
0.000000
0.000000
0.000000
0.000000
25390.073097
592.310455
25930.970289
0.000000
59353.418986
991.173675
10.676740
17194.954869
0.000000
485.747113
0.000000
200.505090
101611.407325
25164.154292
249837.013648
45485.337089
1748.241675
34555.866522
0.000000
15516.024341
388121.458908
5411.720727
0.000000
102120.897482
0.000000
1.277778
0.000000
793.993839
0.000000
0.000000
0.000000
0.000000
33282.156096
9939.446103
61916.551618
0.000000
34746.241130
3882.240566
2917.294127
0.000000
4352.457128
2397.145136
16184.751503
0.000000
3015.835636
0.000000
998.815564
0.000000
0.000000
6.000000
163899.621287
26024.901475
915.209214
0.000000
0.000000
0.000000
0.000000
1816.995827
0.000000
44321.598406
1600.424899
267.446140
35773.519693
4036.919328
13282.817213
4024.593225
53496.849858
95807.758780
3899.307752
18730.520082
58.791383
188.385405
0.000000
823.843658
65224.347982
0.000000
18343.641006
0.000000
1331.043082
5337.655450
1580.709003
37.445074
34.327409
5299.360879
215.971898
355.017882
7621.000000
34749.416634
0.000000
10648.345137
6460.365969
3408.012561
272.685930
27863.769496
0.000000
48824.045841
21508.182100
3609.734080
492.483309
36.088756
132698.262341
0.000000
303127.311406
111093.430007
4023.460909
57585.507260
533008.428025
13276.376866
12570.262609
20942.852230
45720.000000
27823.677542
2840.040290
30551.668381
0.000000
0.000000
10380.488641
20203.733160
0.000000
63.094105
5942.348369
0.000000
88557.332533
757.792282
15244.000000
28.819028
165433.087857
1199291.931900
13244.701263
0.000000
59979.798988
1537.298192
4850.456812
39293.645507
18529.289772
8889.977553
19396.318803
2340.376180
4120.114867
17137.429270
1655.166875
0.000000
0.000000
73563.516380
47472.395710
37920.580425
41965.357374
0.000000
4197.323000
0.000000
0.000000
0.000000
0.000000
0.000000
36.087928
3150.789907
114628.584793
2890.005249
20.563917
0.000000
8.963422
47812.307847
396.473558
3643.380126
53216.789462
12251.464618
0.000000
16.654220
28407.407178
0.000000
561.387354
0.000000
0.000000
0.000000
1048.781805
61352.842868
0.000000
2688.290397
18241.364636
15937.758082
0.000000
0.000000
0.000000
222.299398
1283.390953
30686.594696
0.000000
371373.980851
0.000000
1266.723545
0.000000
13.231046
35910.817089
51076.043976
467.610257
6.038154
0.000000
131.095741
4394.375512
0.000000
0.000000
19.362641
48429.404019
0.000000
3900.563325
2149.025966
21261.778584
1795.941751
56.453728
6274.244289
22293.285153
20415.696579
0.000000
7072.447036
0.000000
23875.227813
7908.673388
135.050091
81.202286
25148.909238
118365.005076
8147.300727
22141.747580
61.304963
43888.964657
0.000000
1958.149222
2512.717208
1178.144782
186198.001670
93.400607
5125.573196
0.000000
289.940289
1480.149824
131369.569198
705.235533
1768.042955
244609.832087
0.000000
52508.710339
3852.380247
42629.651440
15244.000000
0.000000
0.000000
512.169038
25528.892613
409.689629
0.000000
0.000000
2194.764750
933.298646
8900.374512
0.000000
14378.787231
20734.241923
0.000000
15808.489136
0.000000
1568.303066
42452.822874
0.000000
0.000000
0.000000
133267.801738
1.333333
3959.085380
429.848964
0.000000
3953.215505
0.000000
2345.355352
45720.000000
0.000000
0.000000
2365.033266
21352.523290
53.114153
50977.510701
109508.016221
26.089110
7459.638985
5080.202181
6127.059054
15272.152051
24045.648815
17.516806
15940.396829
31161.704799
202976.156865
45720.000000
0.000000
7546.492218
0.000000
0.000000
198.051025
6033.170651
15244.000000
28812.685766
483140.902132
0.000000
57616.518057
0.000000
2307.430251
19534.748730
0.000000
1081.128647
9724.624273
36141.203465
60297.960051
42128.321602
0.000000
15244.000000
33.620286
0.000000
211232.377783
42180.137871
59720.348276
2492524.747821
0.000000
0.000000
96302.115041
0.000000
18272.525967
29935.908230
0.000000
0.000000
0.000000
94231.571098
12.592516
107738.101522
0.000000
0.000000
7407.543815
0.000000
26305.258330
3907380.666653
186321.546582
0.000000
425300.313510
12085.207746
0.000000
0.000000
0.000000
48879.553881
23519.777740
15835.984682
88.652743
159.933052
88787.806927
0.000000
15514.161629
0.000000
26393.689327
24672.567117
39427.871212
30837.760041
609.018908
5240.646606
0.000000
26206.998950
15741.589968
0.000000
1669.388091
294391.209978
11133.424600
0.000000
22901.201857
606.993631
0.000000
0.000000
0.000000
16990.109627
221375.586148
1344.477338
15244.000000
5869.200942
48.171958
3631.264321
34298.040176
0.000000
0.000000
0.000000
0.000000
9206.418824
0.000000
0.000000
0.000000
105991.338135
30551.390506
25944.325744
2871.194097
15335.586997
0.000000
61772.600156
15244.000000
24683.790716
0.000000
0.000000
979.114791
1239.608725
0.000000
2449.684334
52166.959795
0.000000
0.000000
179287.070819
42626.308218
18982.705204
15244.000000
1081.686439
1472.430322
94243.465897
51539.363132
667.896819
0.000000
38449.062331
32619.872442
679.207354
221.512459
169.170037
3931.412533
0.000000
1493.509771
24199.156424
0.000000
0.000000
239509.105071
279.872310
0.000000
0.000000
3642.322011
219241.580705
19127.824467
0.000000
161650.901707
44328.971372
46202.684936
0.000000
13.406358
23294.528253
77994.047124
15663.329176
0.000000
15098.668722
2760.960763
12319.973627
2279.511650
0.000000
72756.121922
83937.704070
0.000000
163.551794
0.000000
38.921632
90.126487
20463.678000
25270.095576
0.000000
52538.305013
22865.904755
0.000000
1651.694964
9052.418414
1492.896535
24306.707001
0.000000
0.000000
0.000000
19.787960
19504.186295
588.143929
84.596802
0.000000
2522.770926
0.000000
0.000000
508.632338
0.000000
0.000000
0.000000
0.000000
12957.597008
31235.886832
0.000000
319.240157
28052.325769
31587.027404
0.000000
0.000000
0.000000
16262.547326
18745.138524
425.235449
0.000000
83686.490905
15481.423705
23565.354623
15244.000000
2272.591242
15136.249331
949.842146
1105.776535
7053.817577
71004.993313
24037.359569
0.000000
120109.619934
7770.538894
0.000000
0.000000
101921.938350
3963.547015
0.000000
0.000000
0.000000
42654.432285
0.000000
0.000000
49.967044
69.225619
0.000000
0.000000
26374.001278
51206.716577
0.000000
18058.575587
0.000000
7395.105206
75348.740472
132.938042
0.000000
0.000000
0.000000
14233.626269
113204.936152
81844.453805
0.000000
42501.746923
0.000000
66932.526930
61068.864533
2173.573494
260068.891609
5715.308350
0.000000
0.000000
0.000000
0.000000
0.000000
41190.640626
0.000000
43518.108571
2118.009082
1712.598345
40375.571755
0.000000
0.000000
346.558913
15252.376174
15264.076906
0.000000
0.000000
71.276793
232.285637
1393.746962
0.000000
15523.962875
0.000000
50771.603879
0.000000
4143.619949
0.000000
109737.748288
264.568332
53382.963207
0.000000
15244.000000
0.000000
3274.057911
1820.379591
1501.270470
83998.110293
0.000000
16588.215229
0.000000
1435.163299
75911.098768
682.102997
34125.322435
0.000000
127518.362311
50336.740714
692.734819
91520.450912
0.000000
33762.891942
26393.999570
0.000000
0.000000
50.875888
43325.283410
1974.938900
87678.472340
16763.509717
45720.000000
99.930615
2366.428465
0.000000
3291.185541
0.000000
17934.489094
101946.564329
0.000000
0.000000
15697.451724
28938.248825
24697.726971
62042.850975
0.000000
4575.021440
0.000000
0.000000
0.000000
0.000000
0.000000
0.000000
64434.476138
49949.280312
24789.308006
21299.272531
4144.498136
130.559148
614.199933
0.000000
0.000000
61339.971961
35137.478173
0.000000
0.000000
15244.000000
0.000000
17835.849089
0.000000
0.000000
0.000000
20353.027622
0.000000
144.329991
0.000000
0.000000
81950.693791
0.000000
89030.141821
0.000000
0.000000
21295.610610
0.000000
1771.512132
0.000000
21457.566679
20210.889802
3442.232219
0.000000
1186.937923
0.000000
528.700250
81.851087
3051.973902
0.000000
0.000000
299040.671094
22351.858897
17471.549605
34.718930
4347.639903
127.171452
1128.379514
929.348006
1254.472860
1407.460323
2263.438262
0.000000
780.762484
57925.969925
149160.315837
0.000000
24646.425658
15244.000000
162.684013
40044.847782
52558.049574
1523.963784
0.000000
0.000000
0.000000
323.586565
5695.103934
9149.058997
130139.323755
45283.546857
1901.113094
0.000000
53984.292605
158.847938
16770.533203
62432.665330
1413.367119
17290.210575
8129.649287
344.772483
124.243157
15244.000000
16925.693566
6109.544651
38285.548157
0.000000
36048.034083
180361.227922
0.000000
0.000000
5745.998660
353.409335
74.358805
33258.743640
27068.778476
0.000000
388.065053
0.000000
0.000000
0.000000
0.000000
0.000000
12714.435183
95490.464790
6805.504283
7398.675052
30151.089218
24.560617
14863.419380
61029.853097
215.750879
9179.667738
85685.846219
0.000000
847.060004
826.941804
27850.765023
0.000000
2160.974116
491.035971
29816.261374
0.000000
0.000000
7.551187
35131.594615
0.000000
20154.493871
4873.458801
2788.784186
21384.552300
0.000000
1191.650087
5685.911115
0.000000
2031309.969178
34060.398747
15244.000000
38651.953825
30484.000000
135370.658894
0.000000
69543.494242
9925.392161
0.000000
50002.456464
4705.402655
10265.806108
244.161759
16.638575
46551.198592
11355.480894
0.000000
0.000000
10434.578163
10240.796510
2065.842939
0.000000
844.280379
36801.630845
18731.046196
1739727.672602
589.103484
0.000000
21799.330077
0.000000
15244.000000
27.014812
305.730950
77354.639600
245.115195
2443.569247
283.776026
3467.300694
15244.000000
26291.113461
892.928234
29260.554055
0.000000
0.000000
0.000000
0.000000
0.000000
0.000000
0.000000
11535.439445
8357.169133
62.554635
0.000000
36792.310846
21484.659918
0.000000
33068.279270
35691.128885
4056.050646
753.751008
226418.269446
23791.366131
0.000000
15244.000000
15.301066
2571.771495
20278.942308
0.000000
0.000000
46871.018952
0.000000
0.000000
60958.000000
0.000000
28349.036260
0.000000
0.000000
77917.515957
51563.947057
17794.146339
5331.960740
0.000000
27653.663948
874.694144
6837.790191
44.294842
0.000000
95072.649052
0.000000
72582.901737
302888.141015
2838.334281
0.000000
30840.299608
372046.514353
30484.000000
27334.783180
4745.466815
0.000000
15244.000000
93496.116877
2540.760033
150780.098070
18.483801
0.000000
1027.577558
8780.518150
58.312886
397.638240
28695.843105
284.849868
15263.294744
2732.653919
24597.116242
1649368.026675
48936.528297
0.000000
7009.202978
13038.705012
15244.000000
181.901038
7060.683161
105847.828630
0.000000
14975.258811
21751.227520
5402.087481
0.000000
43225.622934
528.773687
85000.961361
3716.695608
0.000000
47786.500331
0.000000
0.000000
13590.413941
6.400000
26186.930557
25174.291676
2712.014951
203.052873
137.673000
182824.667989
169.484387
101286.260769
131.095741
28528.537807
85437.021990
65324.666261
4042.039057
15629.950496
22051.905830
482.530842
45922.040800
402137.301694
137.396179
6285.680594
15244.000000
5056.196655
196309.531751
20483.069678
0.000000
5779.048103
0.000000
139.810544
3042.723172
0.000000
0.000000
55866.723187
0.000000
32835.079570
4715.697036
24502.242045
21703.130078
10984.512900
21750.734146
13351.378822
0.000000
0.000000
857.175389
26660.377059
65612.910689
1971.299300
6304.899264
0.000000
0.000000
2250.709933
0.000000
15244.000000
0.000000
3075.134319
1562.862985
26311.793617
0.000000
14097.579653
0.000000
691.419658
0.000000
80419.288963
40549.384830
0.000000
17938.286327
5948.350929
1169.965321
0.000000
8097.707647
1288.066008
240820.510887
79851.971049
23897.072607
12091.116991
507.766586
15162.565840
0.000000
64.504134
0.000000
0.000000
4560.216101
0.000000
49072.058433
17041.345740
1620.988986
3758.320961
389.931357
126635.078394
33163.268773
14171.028184
11524.014912
985.786903
0.000000
0.000000
117.842979
0.000000
58847.374623
0.000000
15244.000000
0.000000
15244.000000
0.000000
19.597222
0.000000
1089.152223
1753.604064
0.000000
0.000000
0.000000
1654.494116
2545.627624
0.000000
22094.751192
0.000000
120.848503
0.000000
12483.302033
9824.200869
2723.971862
30456.509042
59.129253
15244.000000
227.616926
258152.552334
1715.214559
819.224408
15244.000000
2416.492078
15790.971973
785.860422
320.865134
0.000000
2945.193442
278.711623
39696.739000
0.000000
242177.708001
31357.325856
25427.120216
40093.370707
0.000000
232288.119373
0.000000
0.000000
4170.863079
0.000000
0.000000
0.000000
146449.000947
0.000000
107.092652
0.000000
82.648884
418.766801
4976.390420
82797.713602
6.443734
0.000000
2194.548034
15244.000000
0.000000
0.000000
0.000000
0.000000
0.000000
598.670110
67736.362722
41.217189
0.000000
0.000000
3897.077898
327477.166648
0.000000
15437.275254
6208.792883
33680.196844
461.939128
0.000000
719.915993
44812.403031
1246.113301
13635.667029
4693.630005
80.280978
22496.697804
0.000000
497569.220835
63326.137075
434.587418
0.000000
326.166251
5312.666082
0.000000
30486.000000
0.000000
0.000000
29305.506411
5030.355661
0.000000
0.000000
1625.328013
0.000000
40892.547784
2231853.765607
80992.163810
2442.528450
0.000000
24495.067581
8522.374383
0.000000
10883.410320
0.000000
0.000000
14589.491374
260.782160
49360.142242
0.000000
1039.554003
0.000000
0.000000
0.000000
0.000000
139.731606
15285.277348
0.000000
0.000000
0.000000
351.772019
24703.817601
14669.445850
0.000000
0.000000
0.000000
15244.000000
55605.252053
167852.729284
0.000000
0.000000
62235.885281
0.000000
0.000000
0.000000
0.000000
24119.450382
22102.882725
36277.741366
0.000000
0.000000
0.000000
0.000000
21077.499590
15244.000000
36628.611955
0.000000
26673.904654
348.905957
4824.647384
45720.000000
0.000000
118.555116
7360.382241
0.000000
0.000000
0.000000
12965.599327
0.000000
5146.215200
0.000000
5984.377483
0.000000
28920.786660
0.000000
80.595713
15376.606259
163.011633
0.000000
18869.192877
30486.000000
3200.382812
8333.440906
1483.060400
28336.589077
55544.248467
21986.920939
602.963716
0.000000
7498.513444
0.000000
5828.393995
0.000000
4759.117789
764.304236
22081.754027
0.000000
52754.640261
0.000000
9018.231440
0.000000
8682.284556
59708.522252
704.362915
0.000000
6119.374567
1507.863183
0.000000
189.782069
6959.970335
17512.398677
7933.371852
25752.861944
0.000000
568.121715
57644.372633
0.000000
0.000000
0.000000
18324.069508
0.000000
52570.684112
4547.458937
0.000000
210643.948971
4622.726043
0.000000
0.000000
661.333821
25546.150079
418.711474
207.601952
27323.800670
17628.500162
0.000000
3761.337857
198.102979
6946.661454
8118.259551
18440.549962
28653.261268
0.000000
17492.546539
0.000000
1188.538226
0.000000
20521.373362
122648.928004
9490.077006
8554.898683
0.000000
0.000000
235.122137
1319382.397729
0.000000
0.000000
167208.349374
74752.507705
120.370182
781.941096
11853.768508
0.000000
40217.085041
0.000000
106263.793600
0.000000
55963.681248
0.000000
0.000000
2050.434651
24221.141770
4576.494239
5785.535956
68567.218913
0.000000
13.360064
0.000000
0.000000
0.000000
10039.418281
19269.208413
0.000000
92214.437247
48625.891352
73.428412
3702.157970
15308.707947
19916.201563
13003.884643
1337.367037
0.000000
116.169066
376.359420
89076.058602
5392.110241
0.000000
22.355483
53964.845239
117683.728690
0.000000
0.000000
77.848685
5319.185931
73407.649427
456.811509
1402.567727
12021.319558
33.334204
0.000000
737.420477
15864.096318
321.741416
0.000000
32468.661452
302822.142268
0.000000
15244.000000
4.731434
5705.239504
173.893259
8029.575376
3301.480317
72795.677321
0.000000
18548.471618
60264.129620
15335.329216
0.000000
16508.730770
0.000000
0.000000
613.850656
5752.045111
0.000000
28031.556119
0.000000
0.000000
0.000000
13754.393397
2415.295236
15244.000000
17567.702839
0.151282
8525.838335
15244.000000
0.000000
0.000000
326.489043
100162.656437
992215.325531
58941.281473
92724.535020
535.268294
0.000000
0.000000
15244.000000
132611.973368
6116.347150
0.000000
185.059034
32985.210943
0.000000
14940.336805
102.840674
0.000000
44654.418468
753.388538
37448.510559
0.000000
31230.691257
19278.905636
1250.003515
0.000000
60990.611859
0.000000
14706.988987
10535.307117
0.000000
309.806617
2982.823197
1859.199948
25342.154583
0.000000
25372.599465
3944.604918
1217.428593
195.088526
0.000000
1075.308602
78576.177056
29199.191365
10593.007382
30.718838
48568.404177
629.059564
5899.005739
15263.239676
23514.636151
101.464190
0.000000
15244.000000
2978.161635
4456.545062
0.000000
73909.972764
0.000000
10056.586220
95.887638
15283.432784
6160.244998
1035.731912
33.523886
68.186599
0.000000
111.889473
71.036061
189.345426
0.000000
23647.846086
6103.147414
428037.668277
0.000000
68047.171238
0.000000
580.117148
6435.640332
101091.457311
0.000000
5820.644838
12544.131836
0.000000
0.000000
417.752095
2534072.836057
119818.645259
0.000000
16670.610375
12.038291
9.775754
0.000000
291891.062179
436.630773
231450.780022
0.000000
18443.602396
21540.162365
0.000000
3375.231324
0.000000
0.000000
1.466667
15244.000000
0.000000
0.000000
4331.899516
69958.958397
0.000000
129576.990211
25471.695911
45686.318140
15244.000000
888.139183
0.000000
18.079875
30748.347964
15244.000000
75.606352
38265.683182
172306.471753
0.000000
37107.309888
0.000000
24492.640262
13.292002
683.303005
0.000000
3396.672307
51012.953412
15244.000000
0.000000
2901.467824
1748.171980
0.000000
0.000000
3497.520039
0.000000
6884.047528
183.765959
0.000000
93289.555802
105.019163
0.000000
8356.570872
157136.977230
0.000000
251023.455434
3335.006503
12611.206071
188.395641
374.379290
17704.650493
0.000000
0.000000
0.000000
0.000000
108455.328612
62542.229346
271.055243
15388.520542
1555.695600
231.741456
56391.757077
1703.340844
232724.166360
2043.536922
194940.797364
0.000000
46028.119657
21515.963566
79887.137199
0.000000
0.000000
229576.805836
22864.033596
0.000000
0.000000
3275.953668
2177.407593
1806.701369
3659.384001
0.000000
0.000000
4129.584044
0.000000
42443.387352
78256.276778
68909.324888
0.000000
404.577580
104.754938
30624.902319
6.177912
0.000000
190735.765848
0.000000
7142.816704
0.000000
35345.806979
0.000000
128.396130
0.000000
0.000000
0.000000
33345.834783
1326.078092
0.000000
4556.700893
878831.493812
21784.926032
75653.264597
191367.584078
9767.998730
7533.075921
15280.178925
0.000000
9076.690895
75.695582
1204.789931
0.000000
0.000000
0.000000
788.497388
18688.840955
10923.855050
80250.792034
1890.789307
32362.396332
1405.721959
0.000000
62066.286083
827.170230
704.156126
4586.261331
108896.655021
15244.000000
1878.427313
31966.859476
35.234880
0.000000
209535.213696
1186.477167
129572.504993
1515.705047
0.000000
147.013351
3.035664
0.000000
15244.000000
12647.618798
0.000000
6197.322675
0.000000
72477.931251
8300.216021
92141.509190
4504.737027
0.000000
24405.240012
350.460508
592.380751
28544.157174
36642.049703
738.179766
15244.000000
11112.389676
257.921804
6386.791855
51760.271684
11.119636
49382.849446
6285.277862
18601.108796
175997.448698
1488.499694
322.742548
692102.366018
10936.065641
0.000000
0.000000
3876.929985
37.501467
106.527438
420168.193433
45.854479
738.739733
2477.160730
1864.129954
127341.211271
1929.153237
12324.792188
0.000000
1194.241510
44855.507491
16309.757840
42128.552237
0.000000
1921.618750
3171.720544
0.000000
27187.216912
7038.183933
31.184030
23655.654786
65609.327383
33621.706138
36787.458739
1837.135392
0.000000
2580.056898
94875.437949
286.049391
31702.056990
14663.843434
0.000000
0.000000
985.255756
27678.269804
2432.589833
0.000000
0.000000
0.000000
0.000000
0.000000
889.536161
0.000000
0.000000
0.000000
15244.000000
0.000000
42443.688625
51057.491340
8711.615175
183697.114552
1155.822060
0.000000
199176.374823
274.997496
1138.622050
825.788568
16729.281271
15109.809877
2.400000
714.554048
32739.911531
4722.354988
0.000000
20867.678457
27855.553399
2972.115802
67358.838891
74.864841
0.000000
352.718949
13196.702921
368865.450959
0.000000
2557.568246
11425.639666
0.000000
0.000000
547.619784
554.795218
4.560897
11487.855426
20304.667374
0.000000
0.000000
0.000000
0.000000
24360.548180
15244.000000
0.000000
1914.622004
1529.033229
45468.752629
23202.970824
269.757434
1506.041258
0.000000
4.011626
29200.798553
0.000000
81512.551871
52502.404903
181307.798873
6.212698
0.000000
26884.862296
7521.930015
0.000000
2297.104475
0.000000
44.144615
69897.758109
0.000000
190.268448
0.000000
371.892452
15745.102765
15245.372222
0.000000
0.000000
168.707106
0.000000
16660.369919
19102.608338
0.000000
1169.229055
0.000000
0.000000
141.119110
0.000000
656.496627
0.000000
41259.270879
0.000000
1205.856771
31360.007746
0.000000
53369.668338
8299.883710
0.000000
188202.357526
0.000000
4393.615169
0.000000
1276.290234
0.000000
0.000000
27767.423883
103.766153
4403.798182
27032.883894
0.000000
0.000000
0.000000
49475.807671
0.000000
0.000000
0.000000
15404.336408
0.000000
4434.339900
9811.390019
906.875451
25571.654369
187392.831123
0.000000
13554.371111
1537.164821
0.000000
83270.703195
43765.140170
0.000000
6060.702156
0.000000
0.000000
2336.244072
4790.930010
0.000000
57806.126392
6995.094085
16687.267119
5528.154647
50027.797081
22268.541778
943.605013
112.068892
0.000000
0.000000
0.000000
28595.933696
0.000000
9579.794066
19729.057570
3079.071127
4270.867885
11398.107393
0.000000
7708.212696
74000.950345
0.000000
0.000000
553433.899769
3949.453322
62429.152430
113195.739496
9898.059374
17461.037034
0.000000
0.000000
38212.412094
1449.913415
5482.815153
779.853838
56239.887271
5671.361927
1903.059773
0.000000
0.000000
0.000000
736.623522
2394.430596
17797.270732
1167.510349
417315.789811
0.000000
6169.492924
51.966553
0.000000
9295.066598
0.000000
15115.596498
59202.839440
30487.000000
0.000000
438.855669
598.973472
0.000000
14845.127988
0.000000
120885.597708
21564.569779
40467.215433
15311.373813
2383.314482
15641.396574
0.000000
318.601905
22505.285627
4895.607806
15244.000000
0.000000
667.870439
48742.407800
23.307062
16039.758341
4168.048955
51032.792091
984.226318
8321.145962
0.000000
0.000000
6730.561781
4931.777295
1173.520066
0.000000
16759.289697
896.729519
1030.445408
54992.112828
2638.186437
0.000000
0.000000
1102.967751
4436.047284
18127.760050
0.000000
381.686117
719.131572
0.000000
0.000000
65975.712003
0.000000
9724.635788
30486.000000
0.000000
1595.333452
7084.887681
436.713546
16233.638269
0.000000
33043.349375
172011.079116
0.000000
0.000000
0.000000
13869.586530
67139.770599
0.000000
46403.759082
0.000000
9175.244871
0.000000
15266.905813
18351.949187
68.501879
0.000000
0.000000
33595.393578
0.000000
89898.630844
24219.620716
40336.396304
0.000000
44457.513480
15244.000000
47800.050927
11152.172287
0.000000
0.000000
15458.172375
0.000000
1346.027931
0.000000
0.000000
18.162333
48339.550907
379.275787
0.000000
16354.993261
0.000000
0.000000
33403.377141
8198.105393
30486.000000
0.000000
110518.020295
37663.592495
0.000000
15244.000000
14853.999900
2127.546106
5.478207
0.000000
2729.568002
763.921179
0.000000
0.000000
0.000000
67975.948969
58204.564229
69844.071655
49822.397753
3907.836814
0.000000
0.000000
1724.899775
0.000000
0.000000
15244.000000
21689.158267
3702.403734
753.511785
1111.486639
171711.682838
30486.000000
8953.165949
0.000000
80141.379516
69093.848232
158856.297856
110701.407971
0.000000
13818.592115
0.000000
642.089452
0.000000
4486.965847
0.000000
4763.245655
584.927111
10566.535215
30484.000000
0.000000
44102.290757
270.052783
1085.499160
0.000000
30486.000000
22392.016672
7419.302607
147.506903
15244.000000
565.081700
5096.112701
109142.346069
14029.520820
8112.277867
0.000000
245.983572
10650.698236
0.000000
15502.448815
0.000000
8.762765
0.000000
1031.742521
0.000000
106.815569
0.000000
31554.533664
3099.214241
0.000000
110634.651701
0.000000
230.516061
0.000000
19455.944904
149.635636
0.000000
0.000000
1192.842044
27937.940024
0.000000
197.230564
29014.043310
6016.774768
118.775136
6942.457570
16.614987
4592.840966
11008.136432
11034.468483
31770.060988
787.526949
2867.418716
41924.465467
1606.826991
88.703283
0.000000
7756.598704
0.000000
27298.468329
69829.293402
14341.981567
3293.200197
0.000000
5531.957232
0.000000
3009988.535879
311.379443
853.023566
1117.603438
73125.740559
0.000000
4.819048
273146.707732
0.000000
24813.002975
38958.037792
1173.562865
49.469519
0.000000
99543.610999
3994.373906
0.000000
4202.951874
0.000000
88138.456909
30293.955577
0.000000
108.070561
2850.830963
31160.707283
62209.290762
20143.299497
0.000000
31911.343208
4541.675027
2199.062299
0.000000
0.000000
45813.856420
27012.708932
22974.450630
1636.777670
172.278692
19234.404041
11337.917634
20650.413424
42407.133318
97.020722
1186.169477
104302.653205
66314.857237
22552.516811
122.095261
0.000000
0.000000
0.000000
507.888201
30275.109064
2362.451912
570.486228
873.914874
827.035617
0.000000
8388.178148
92763.717395
12.808069
5717.007551
25603.377706
0.000000
34520.515424
5939.654884
14637.605139
17127.500342
0.000000
0.000000
225.701133
55347.534562
15244.000000
75471.087172
40881.862256
15505.271793
37720.583160
5402.342864
23169.243746
22052.616510
562.217239
15244.000000
513.759016
0.000000
37990.459496
82728.494130
6079.457789
29.707303
0.000000
16903.930717
4390.295076
6225.802971
454.922580
141602.180887
7680.371660
1188.561652
16769.484605
6389.685699
15489.641846
98771.149431
5891.626143
488.754248
0.000000
0.000000
2117.604056
14092.387796
44783.925469
14238.308599
30484.000000
0.000000
1.000000
15244.000000
0.000000
1688.573281
0.000000
0.000000
84487.732575
0.000000
37660.151734
16311.900544
6752.448960
382.310266
0.000000
0.000000
0.000000
464.520549
15244.000000
381.738826
54.665087
0.000000
0.000000
67801.402386
12496.955328
54894.763830
2088.929680
40892.053438
15244.000000
17258.462922
0.000000
0.000000
478450.856451
4.666667
0.000000
0.000000
8742.722143
1756.304718
0.000000
1700.067054
1911.494382
77854.348418
259.440460
285434.896147
0.000000
15244.000000
80847.292811
192273.198569
0.000000
5104.538873
37431.840924
0.000000
1017.314262
52868.019421
15244.000000
0.000000
0.000000
420.190163
51809.909702
0.000000
26004.469751
16.187435
31.231661
146900.103840
8647.896655
34342.411378
152169.815298
30484.000000
0.000000
8118.993924
4173.500735
28879.352887
25079.401343
9272.661064
37678.025240
667.474233
0.000000
1293.661840
1977.549660
15371.115825
6457.201563
76.415638
1326.289840
0.000000
15994.784837
0.000000
36641.996569
226839.491885
41044.690221
5657.566460
0.000000
7281.833516
24161.452163
2735.636076
0.000000
849.717181
60.350913
171.149383
0.000000
0.000000
25929.095146
15244.000000
0.000000
100.788105
0.000000
242.521374
17444.298104
59322.957479
31412.671296
406.966022
10364.713839
4475.086983
1567.686630
0.000000
186088.304630
0.000000
34055.802026
24383.327885
0.000000
30484.000000
3202.372909
100121.422036
8816.659508
0.000000
180.322223
0.000000
0.000000
0.000000
125749.531092
76225.308806
159948.341887
0.000000
130350.149267
2762.415523
9803.481729
4509.059032
327.287556
0.000000
27522.457096
15244.400000
16136.560414
36249.280361
0.000000
6680.509455
0.000000
9.559872
6037.753684
0.000000
25740.276112
6108.329092
109279.455220
0.000000
145194.645390
8341.945951
2406.756661
3147.981796
255972.794844
0.000000
65277.050821
12145.214434
116201.348766
38330.378091
2346.697645
12653.388564
19250.458969
161.085649
0.000000
31.459025
2104.786820
108676.140164
2582.676561
360.762889
939.980405
15333.051604
14105.747183
15244.000000
8288.519850
0.000000
2152.704281
1112.095111
15244.000000
26541.628449
132990.755578
0.000000
30486.000000
0.000000
105.593769
540.383793
0.000000
9464.178364
40265.897543
0.000000
0.000000
0.000000
55467.416868
0.000000
21893.148452
238.436968
99038.982442
190655.695590
17709.924687
15244.000000
11712.154372
1585.244127
0.000000
34.112380
83416.700936
3039.198947
39.431982
7704.437000
298219.366746
0.000000
19225.083656
0.000000
64.356382
25063.627969
15785.065274
0.000000
62136.623461
22203.810976
7.652432
0.000000
78083.933928
95189.200147
0.000000
1213.080163
0.000000
53335.905828
1339.450387
2039.932522
60.942100
2122.807517
139177.864484
7292.192885
4941.106826
0.000000
21788.436175
287200.691125
0.000000
0.000000
17638.823204
199.946928
1013.839506
82.156052
4.133333
1909.362015
16345.428356
11534.951445
285.793316
3360.856403
217482.794645
152697.651482
14833.465102
10.629938
397206.138222
0.000000
0.000000
33670.006415
78072.487225
63284.265423
0.000000
42205.325523
3531.237656
73939.175729
227.602423
15244.000000
15408.716509
108033.668943
128009.247559
557598.440185
0.000000
29.758253
51173.958861
0.000000
13276.842405
6856.626174
0.000000
0.000000
18646.283502
0.000000
15244.000000
88521.587779
118983.975257
0.000000
47281.864709
8089.081017
39910.445762
72789.621509
200.390221
0.000000
0.000000
14183.416560
776.744634
195766.382223
3912.575955
1103.827742
28303.102256
37120.639417
87.989796
48064.758573
28995.795215
1.366300
1260.015540
0.000000
0.000000
68217.024563
4189.778886
894.234063
0.000000
3.367100
798490.188903
2977.303725
5368.718419
0.000000
30331.502189
118113.177605
0.000000
0.000000
15.977898
64566.591630
186300.492371
17565.374312
0.000000
0.000000
0.000000
15361.051546
0.000000
15307.011282
62533.564832
7381.249727
15244.000000
11108.156557
2698.614536
2549.688577
0.000000
54875.044516
0.000000
9753.717218
19202.864529
0.000000
2774.964215
0.000000
17119.380785
15526.811473
3543.271115
2480.673495
0.000000
40788.276493
0.000000
252.962500
0.000000
0.000000
7798.203170
115795.894586
0.000000
285738.575024
8256.993689
73342.394650
59233.807007
22679.118266
0.000000
0.000000
0.000000
14103.625041
0.000000
1.757730
1913.709627
12497.918919
45475.589970
2699.755782
11.021567
45720.000000
0.000000
0.000000
47693.897615
0.000000
28706.372039
9252.490504
51.086523
0.000000
0.000000
0.000000
4007.808964
58.020246
10960.238139
0.000000
32412.189961
0.000000
587.921218
369.007221
0.000000
30484.000000
0.000000
0.000000
0.000000
0.000000
0.416917
0.000000
4475.823690
0.000000
4182.554514
0.000000
9900.802201
22036.894612
4122.084905
0.000000
0.000000
2460.262161
399283.205011
12760.483743
0.000000
0.000000
187745.861816
49140.535973
1601.877908
0.000000
12783.239042
186.867118
0.000000
0.000000
0.000000
5774.007092
198.263521
18352.705676
155934.385933
0.000000
150.688367
37470.822917
6713.910001
888.085127
53339.990560
4051.460943
39894.971614
207767.899405
0.000000
45294.221881
37.334321
3475.256115
27195.437828
40684.665204
15778.680408
0.000000
0.000000
11192.026264
11112.114833
20596.488583
0.000000
93447.344768
49817.821998
0.000000
90.067685
0.000000
0.000000
0.000000
708.210726
19689.742128
179.408110
82228.837633
0.000000
21018.345556
2489.575542
15244.000000
2425.727427
23955.951574
29242.347021
8748.492334
9955.818262
36158.560999
15244.000000
24.616550
0.000000
0.000000
0.000000
1942.945600
7730.749706
39150.306815
35483.105699
0.000000
1681.813246
15613.189025
3208.407130
15244.000000
217.042489
4698.206008
0.000000
0.000000
20187.444914
5042.588956
23166.904117
467.711317
145.415284
0.000000
3601.546144
311.739731
39553.535196
30486.000000
1512.162159
3152.232377
15835.389356
0.000000
39475.991779
0.000000
13412.601699
348691.904990
0.000000
0.000000
0.000000
58893.059509
4967.765571
77.388986
528.018333
12620.616529
0.000000
4174.912751
0.000000
114801.628207
29202.015936
0.000000
5.000000
54283.194320
139.513937
0.000000
5171.229775
0.000000
7895.588403
23885.282765
8244.489797
9507.543504
0.000000
28733.397391
0.000000
1064.366748
30486.000000
0.000000
16064.756046
22966.764189
0.000000
2713.703365
999.718250
0.000000
0.000000
14.157962
1053.625907
30764.392349
1025.586812
106.980581
23409.277325
0.000000
182298.636505
0.000000
30357.583982
0.000000
731.320489
0.000000
663.313657
5460.466019
1505.853175
0.000000
16878.429726
3.927460
105413.176344
521.725606
0.000000
63088.362326
18.388007
0.000000
58472.637814
13664.427323
380.437467
658.405951
30484.000000
0.000000
0.000000
12601.852841
7670.904945
92361.117908
43195.724821
7570.467694
2891.018852
447.704747
32094.180972
0.000000
1407.206969
75393.873634
0.000000
49641.339508
689.091993
479.930680
76881.069799
0.000000
21090.726049
25796.813685
8.706353
15337.227407
15542.174990
0.000000
420.105033
15726.591172
0.000000
1357.052571
324.794124
3299.556215
10764.506982
18854.515050
11355.578719
121.984796
15244.000000
7874.516463
228625.766637
55212.029148
921.986324
30853.639436
567.661063
2879.033626
34.967330
2841.994398
0.000000
15244.000000
0.000000
518.896916
0.000000
0.000000
861.835767
51570.506813
0.000000
0.000000
1062.357652
1709.525091
3147.981796
1046.596688
287.434188
12137.232000
2244.066992
17080.200965
117902.364785
0.000000
2460.322448
16003.666209
114.285046
14156.473030
0.000000
0.000000
15380.279968
12665.529793
19439.190235
15244.000000
16166.197190
1296.029747
2125.194330
5197.545982
135039.478088
23122.882137
19942.157034
992.749375
0.000000
3638.325701
20074.701289
10285.622225
0.000000
0.000000
0.000000
47016.693886
0.000000
0.000000
28083.055525
30501.412256
0.000000
57437.787388
7016.593361
30499.862616
0.000000
8520.219616
0.000000
69237.875727
323.727256
112217.505271
50.413774
1918.449034
167628.626655
72014.760014
0.000000
1590.249238
474063.080474
15244.000000
19485.467616
595.879713
1650.942436
3725.255152
1037.934744
15.185637
21601.619667
0.000000
0.000000
0.000000
35490.288375
62.755396
38654.198730
6813.667776
8457.508966
283.467927
9480.056515
0.000000
5331.797707
101699.497380
61371.586832
30486.000000
0.000000
17250.722519
15244.000000
0.000000
36764.925485
792.091439
47795.830364
35.536459
0.000000
1034.666531
4658.472048
0.000000
23487.161054
0.000000
27055.834356
15906.015109
23749.501574
3551.436519
0.000000
72.826179
20333.555259
2837.279242
2713.768949
3444.407829
0.000000
25971.124985
19947.997745
15245.711043
998.436800
269.074717
87.244859
105145.665328
0.000000
0.000000
15370.375056
29116.151033
0.000000
0.000000
7035.650885
490.444643
48816.931341
0.000000
548.981625
29165.881144
803.309163
104525.312886
0.000000
0.000000
15244.000000
258.070597
8855.238395
15903.401889
642.584390
207.418555
26810.406635
15880.086925
15244.000000
47398.237432
170032.960795
30486.000000
95.749808
0.000000
15244.000000
35738.307821
59.736718
0.000000
15244.000000
0.000000
10869.887633
0.000000
3982.659918
0.000000
3298.646024
0.000000
0.000000
75844.628398
34176.924233
3386.926652
0.000000
3399.631023
0.000000
796.504233
0.000000
0.000000
16521.860517
0.000000
433944.491328
4830.186593
0.000000
0.000000
0.000000
0.000000
0.000000
42153.319438
55649.247741
8.043459
6603.090158
64497.010067
20668.400733
42995.398168
37024.848212
450.145056
31272.148283
0.000000
32365.673531
122.769584
62841.231365
57556.412828
7769.329051
110604.469222
81.910347
19904.304753
0.000000
266903.994224
19193.252976
220340.790358
120.387616
244995.190457
6.674012
0.000000
14760.065799
3578.543680
0.000000
0.000000
0.000000
0.000000
639.990907
1471.898554
95.157634
12955.117224
1763.294678
6410.699841
0.000000
0.000000
45724.000000
609.193655
0.000000
5752.035552
14.465741
57.498256
0.000000
18587.914107
15304.514824
15244.000000
134.217478
39038.924683
22240.106255
15244.000000
21319.010950
620.463766
137.273907
0.000000
21168.831918
2305.467061
0.000000
2448.329035
181401.972782
98.836627
0.000000
43663.558659
24006.131293
168280.980429
0.000000
53628.410431
37466.762725
38652.006978
0.900000
0.000000
872.019046
23736.435909
22185.769209
2229.137347
0.000000
20388.311875
217045.373788
78042.308793
1526.718236
0.000000
2269.755747
88.652743
2775.365627
0.000000
2445.491219
94307.911287
30484.000000
706593.739800
13026.735038
14678.755146
0.000000
43047.310593
92820.845406
14003.208499
10452.865838
0.000000
15244.000000
70176.044027
123.715545
5564.128346
0.000000
16107.142356
0.000000
0.000000
979.251463
84047.187746
1027.807575
0.000000
0.000000
824.889933
44419.307687
0.000000
0.000000
18657.407598
2509.830525
24494.993140
41002.671389
0.000000
206.144638
903.370738
35642.130669
0.000000
82284.381430
0.000000
0.000000
0.000000
0.000000
0.000000
246474.243809
0.000000
9797.297087
12.210301
0.000000
4291.001415
107.982223
28627.727953
545.290456
0.000000
475.239752
0.000000
9412.285213
0.000000
58390.627242
25501.456911
526.111073
27670.661784
1139.755648
361.149901
0.000000
432103.052607
2996.204730
0.000000
143586.997663
513.264069
0.000000
0.000000
0.000000
251575.943891
2112.951578
33821.949328
51476.773551
0.000000
0.000000
0.000000
3895.034398
61160.241944
783.867352
0.000000
0.000000
0.000000
0.000000
8004.115180
2323.007868
25.217142
396.563422
36116.524305
0.000000
1678.162471
15244.000000
221.512459
0.000000
0.000000
15244.000000
0.000000
0.000000
915.292279
5225235.595353
23014.866441
0.000000
82731.149904
15272.959354
2296.698815
20754.994596
0.000000
30484.000000
0.000000
11839.518686
0.000000
31640.323268
2606.105161
102893.355412
5369.078113
2633.981081
31263.429573
0.000000
0.000000
95217.126047
10682.312046
3410.430088
0.000000
20517.937177
229338.473428
56042.711419
245203.082874
2241.040400
80883.412231
0.000000
2605.822918
251.399771
646.073886
2163.572690
2076.918277
4998.890809
0.000000
4972907.085494
1988.863912
0.000000
0.000000
0.000000
223.592021
4239.825377
39.732161
85403.562151
6896.472259
0.000000
70323.267391
0.000000
0.000000
343.128808
3332.293663
3.868828
854.548202
52103.527304
40772.584646
3396.700032
166.211673
0.000000
42560.572108
0.000000
26.312566
0.000000
3386.512074
15244.000000
35624.948671
0.000000
60959.000000
0.000000
63762.751310
0.000000
15308.643194
48690.599258
951.560738
0.000000
0.000000
0.000000
0.000000
15995.813958
2082.945165
0.000000
24365.458202
0.000000
170443.406084
0.000000
0.000000
29959.723198
39.555835
887.869693
0.000000
5934.551931
7144.747477
1648.387265
510.852205
19846.000489
11147.341121
0.000000
1.000000
0.000000
10214.656215
33250.638653
28714.239905
5202.079161
1020.943643
28064.202682
0.000000
0.000000
5740.159951
0.000000
0.000000
20993.329446
0.000000
3011.439707
69271.593069
43305.305680
18413.545461
50808.147669
0.000000
0.000000
34034.560990
0.000000
49964.054330
0.000000
0.000000
0.000000
459.594802
28437.372855
15244.000000
28971.229569
15244.000000
4516.509638
6515.685977
85.920675
117032.618757
68485.498419
824.556876
0.000000
3750.620401
970848.584792
4259.344010
15244.000000
0.000000
0.000000
0.000000
0.000000
3612.716879
0.000000
2292.821585
15346.910232
31834.764715
290470.340458
615367.373427
36972.087333
8.768561
2724.954102
16166.976790
30486.000000
11064.991497
56112.600758
0.000000
24162.758526
30688.251232
736.485642
725.266965
212343.789658
94144.857053
0.000000
882.568032
39.701426
15244.000000
0.000000
0.000000
0.000000
1715.699654
17042.380859
875.419640
0.000000
22246.960185
7328.185924
0.000000
80982.143252
30484.000000
48215.241280
0.000000
1453.834304
18939.715358
7798.597455
0.000000
0.000000
0.000000
166.629845
0.000000
0.000000
0.000000
16556.907702
2132.860419
3284.509399
22548.699238
894.010086
2057.419483
115.602445
49995.738224
21548.203046
0.000000
25215.895894
1050.086884
0.000000
0.000000
46254.426575
15508.214515
17459.048638
8067.588969
29100.452913
13729.457609
63120.296655
81069.732361
45720.000000
11.901809
1277.702862
0.000000
3424.923137
0.000000
8149.393039
26759.712980
1231.855727
0.000000
6608.836766
0.000000
0.000000
0.000000
0.000000
11936.134565
0.000000
0.000000
72305.570018
0.000000
620.422036
0.000000
286.821684
2.500000
0.000000
2458.883652
0.000000
15.286868
0.000000
4727.248009
7881.816911
14.555870
2261.739502
636.449023
0.000000
16521.106405
0.000000
194.002772
0.000000
12584.724162
100.127105
635.171308
67131.735452
22018.773087
0.000000
117.927283
7262.201643
6470.522277
15244.000000
0.000000
29.071030
9093.745989
909.906337
11295.391629
0.000000
9871.720266
0.000000
1102.594251
1.632576
37650.661051
1020.137234
321.091248
1959.811190
48735.655173
562.789115
145144.116467
20353.322966
15583.878926
0.000000
1447.402572
1396.875511
211089.482263
21153.516014
41238.288752
8101.460779
2258.225157
0.000000
0.000000
0.000000
86.012085
25221.397363
61532.850447
1345.478827
15307.712946
62017.808563
64789.462757
0.000000
33960.745671
0.000000
6202.785930
27115.389923
2053.065132
0.000000
0.000000
6.820394
5382.267824
19228.620574
0.000000
30484.000000
130.373100
9610.562528
94.711351
678.555437
0.000000
451.588249
6684.051569
0.000000
0.000000
15244.000000
7764.946694
10226.746737
1741.822156
0.000000
0.000000
292.808617
65704.200809
3629.224068
120106.488951
185582.961377
22319.856488
14054.741811
4220.948934
0.000000
15700.895741
13405.217785
1414.323392
0.000000
0.000000
53939.010813
0.000000
4561.332719
7626.960326
35165.141081
9668.276765
8813.249326
53115.474738
18488.547969
1480.155209
26966.418200
26553.321825
16529.714689
91435.279565
168.242816
2438.180342
0.000000
2191.361337
11027.284539
1146.995254
265398.290582
57788.258220
1358.709739
290.196925
3076.228646
0.000000
2004.019454
76.117958
27478.409415
1393.677415
826.400866
0.000000
30484.000000
4.698520
126220.426824
152977.554424
57584.510452
0.000000
21972.015522
1177.347869
663.081290
3418.567387
96500.810321
0.000000
65092.998079
0.000000
2288.734430
120388.270938
15358.567547
0.000000
265389.968039
0.000000
19077.298743
18657.398503
0.000000
88474.099244
80054.342511
30713.934720
0.000000
46284.208800
43234.808918
10315.605362
56981.510867
18151.715208
342.105771
4421.900115
0.000000
1898.267012
0.000000
2705.197796
59916.431308
0.000000
0.000000
27035.304455
0.000000
0.000000
3537.297278
0.000000
7761.193491
